energy_ev,averaged_transmission,transmission_per_area_m^-2,transmission_direction,area_angstrom^2
-0.367493259667866,0.0,0.0,3,7.485263636400001
-0.36565579336952664,0.0,0.0,3,7.485263636400001
-0.3638183270711874,0.0,0.0,3,7.485263636400001
-0.361980860772848,0.0,0.0,3,7.485263636400001
-0.3601433944745087,0.0,0.0,3,7.485263636400001
-0.35830592817616935,0.0,0.0,3,7.485263636400001
-0.35646846187783,0.0,0.0,3,7.485263636400001
-0.35463099557949074,0.0,0.0,3,7.485263636400001
-0.3527935292811514,0.0,0.0,3,7.485263636400001
-0.35095606298281207,0.0,0.0,3,7.485263636400001
-0.3491185966844727,0.0,0.0,3,7.485263636400001
-0.34728113038613334,0.0,0.0,3,7.485263636400001
-0.3454436640877941,0.0,0.0,3,7.485263636400001
-0.3436061977894547,0.0,0.0,3,7.485263636400001
-0.3417687314911154,0.0,0.0,3,7.485263636400001
-0.33993126519277606,0.0025,3.3398957223667836e+16,3,7.485263636400001
-0.3380937988944367,0.0175,2.3379270056567488e+17,3,7.485263636400001
-0.33625633259609744,0.0175,2.3379270056567488e+17,3,7.485263636400001
-0.3344188662977581,0.0175,2.3379270056567488e+17,3,7.485263636400001
-0.33258139999941877,0.0325,4.341864439076819e+17,3,7.485263636400001
-0.3307439337010794,0.0475,6.34580187249689e+17,3,7.485263636400001
-0.32890646740274004,0.0475,6.34580187249689e+17,3,7.485263636400001
-0.3270690011044008,0.0475,6.34580187249689e+17,3,7.485263636400001
-0.32523153480606143,0.0475,6.34580187249689e+17,3,7.485263636400001
-0.3233940685077221,0.0775,1.0353676739337029e+18,3,7.485263636400001
-0.32155660220938276,0.0775,1.0353676739337029e+18,3,7.485263636400001
-0.3197191359110434,0.0775,1.0353676739337029e+18,3,7.485263636400001
-0.31788166961270414,0.0925,1.23576141727571e+18,3,7.485263636400001
-0.3160442033143648,0.0925,1.23576141727571e+18,3,7.485263636400001
-0.3142067370160255,0.0925,1.23576141727571e+18,3,7.485263636400001
-0.3123692707176861,0.1075,1.436155160617717e+18,3,7.485263636400001
-0.31053180441934675,0.1375,1.836942647301731e+18,3,7.485263636400001
-0.30869433812100744,0.1375,1.836942647301731e+18,3,7.485263636400001
-0.30685687182266813,0.1375,1.836942647301731e+18,3,7.485263636400001
-0.3050194055243288,0.15250000000000002,2.0373363906437384e+18,3,7.485263636400001
-0.30318193922598946,0.15250000000000002,2.0373363906437384e+18,3,7.485263636400001
-0.3013444729276501,0.16000000000000003,2.137533262314742e+18,3,7.485263636400001
-0.2995070066293108,0.19,2.538320748998756e+18,3,7.485263636400001
-0.2976695403309715,0.23500000000000001,3.1395019790247767e+18,3,7.485263636400001
-0.2958320740326322,0.28,3.740683209050798e+18,3,7.485263636400001
-0.2939946077342928,0.355,4.742651925760833e+18,3,7.485263636400001
-0.29215714143595345,0.37,4.94304566910284e+18,3,7.485263636400001
-0.29031967513761414,0.43000000000000005,5.744620642470869e+18,3,7.485263636400001
-0.28848220883927483,0.49,6.546195615838896e+18,3,7.485263636400001
-0.28664474254093547,0.5349999999999999,7.147376845864916e+18,3,7.485263636400001
-0.28480727624259616,0.6100000000000001,8.149345562574953e+18,3,7.485263636400001
-0.2829698099442568,0.7,9.351708022626994e+18,3,7.485263636400001
-0.2811323436459175,0.775,1.035367673933703e+19,3,7.485263636400001
-0.2792948773475782,0.8500000000000001,1.1355645456047065e+19,3,7.485263636400001
-0.2774574110492388,0.9400000000000001,1.2558007916099107e+19,3,7.485263636400001
-0.2756199447508995,0.985,1.3159189146125128e+19,3,7.485263636400001
-0.27378247845256015,1.0899999999999999,1.4561945349519176e+19,3,7.485263636400001
-0.27194501215422084,1.15,1.5363520322887203e+19,3,7.485263636400001
-0.2701075458558815,1.155,1.543031823733454e+19,3,7.485263636400001
-0.2682700795575422,1.0075,1.345977976113814e+19,3,7.485263636400001
-0.26643261325920287,0.8875000000000001,1.1856629814402083e+19,3,7.485263636400001
-0.2645951469608635,0.9025,1.205702355774409e+19,3,7.485263636400001
-0.2627576806625242,0.8125,1.0854661097692047e+19,3,7.485263636400001
-0.26092021436418483,0.8125,1.0854661097692047e+19,3,7.485263636400001
-0.2590827480658455,0.7525000000000001,1.005308612432402e+19,3,7.485263636400001
-0.2572452817675062,0.7525000000000001,1.005308612432402e+19,3,7.485263636400001
-0.25540781546916685,0.7825000000000001,1.0453873611008035e+19,3,7.485263636400001
-0.25357034917082755,0.6625000000000001,8.850723664271977e+18,3,7.485263636400001
-0.2517328828724882,0.6925,9.251511150955991e+18,3,7.485263636400001
-0.24989541657414888,0.7075,9.451904894297997e+18,3,7.485263636400001
-0.24805795027580957,0.7075,9.451904894297997e+18,3,7.485263636400001
-0.2462204839774702,0.7324999999999999,9.785894466534674e+18,3,7.485263636400001
-0.24438301767913093,0.7525000000000002,1.005308612432402e+19,3,7.485263636400001
-0.24254555138079156,0.7975000000000001,1.0654267354350041e+19,3,7.485263636400001
-0.24070808508245223,0.7825,1.0453873611008033e+19,3,7.485263636400001
-0.23887061878411292,0.7225000000000001,9.652298637640008e+18,3,7.485263636400001
-0.23703315248577356,0.7025000000000001,9.385106979850664e+18,3,7.485263636400001
-0.23519568618743425,0.7525000000000001,1.005308612432402e+19,3,7.485263636400001
-0.23335821988909491,0.7225,9.652298637640006e+18,3,7.485263636400001
-0.23152075359075558,0.7525000000000001,1.005308612432402e+19,3,7.485263636400001
-0.22968328729241627,0.7525000000000001,1.005308612432402e+19,3,7.485263636400001
-0.2278458209940769,0.7525000000000001,1.005308612432402e+19,3,7.485263636400001
-0.2260083546957376,0.7825000000000001,1.0453873611008035e+19,3,7.485263636400001
-0.22417088839739827,0.8350000000000001,1.1155251712705059e+19,3,7.485263636400001
-0.22233342209905893,0.88,1.175643294273108e+19,3,7.485263636400001
-0.22049595580071962,0.88,1.175643294273108e+19,3,7.485263636400001
-0.2186584895023803,0.76,1.0153282995995023e+19,3,7.485263636400001
-0.21682102320404092,0.8,1.0687666311573709e+19,3,7.485263636400001
-0.21498355690570162,0.835,1.1155251712705057e+19,3,7.485263636400001
-0.21314609060736228,0.88,1.175643294273108e+19,3,7.485263636400001
-0.21130862430902295,0.88,1.175643294273108e+19,3,7.485263636400001
-0.20947115801068364,0.91,1.2157220429415092e+19,3,7.485263636400001
-0.20763369171234428,0.91,1.2157220429415092e+19,3,7.485263636400001
-0.20579622541400497,1.045,1.3960764119493155e+19,3,7.485263636400001
-0.20395875911566563,1.0675,1.4261354734506164e+19,3,7.485263636400001
-0.2021212928173263,1.0525,1.406096099116416e+19,3,7.485263636400001
-0.200283826518987,1.0825,1.4461748477848175e+19,3,7.485263636400001
-0.19844636022064763,1.1725,1.5664110937900216e+19,3,7.485263636400001
-0.1966088939223083,1.2925,1.726726088463627e+19,3,7.485263636400001
-0.19477142762396898,1.2325,1.6465685911268243e+19,3,7.485263636400001
-0.19293396132562965,1.3475,1.8002037943556962e+19,3,7.485263636400001
-0.19109649502729031,1.3824999999999998,1.8469623344688312e+19,3,7.485263636400001
-0.18925902872895098,1.4125,1.887041083137233e+19,3,7.485263636400001
-0.18742156243061164,1.33,1.776824524299129e+19,3,7.485263636400001
-0.18558409613227234,1.29,1.7233861927412605e+19,3,7.485263636400001
-0.183746629833933,1.2999999999999998,1.7367457756307274e+19,3,7.485263636400001
-0.18190916353559364,1.3,1.7367457756307276e+19,3,7.485263636400001
-0.18007169723725433,1.22,1.6298691125149905e+19,3,7.485263636400001
-0.178234230938915,1.225,1.636548903959724e+19,3,7.485263636400001
-0.1763967646405757,1.29,1.7233861927412605e+19,3,7.485263636400001
-0.17455929834223635,1.2599999999999998,1.6833074440728586e+19,3,7.485263636400001
-0.172721832043897,1.2999999999999998,1.7367457756307274e+19,3,7.485263636400001
-0.17088436574555768,1.34,1.7901841071885961e+19,3,7.485263636400001
-0.16904689944721835,1.345,1.7968638986333297e+19,3,7.485263636400001
-0.16720943314887904,1.325,1.7701447328543953e+19,3,7.485263636400001
-0.1653719668505397,1.3900000000000001,1.8569820216359318e+19,3,7.485263636400001
-0.16353450055220034,1.3624999999999998,1.8202431686898969e+19,3,7.485263636400001
-0.16169703425386103,1.305,1.743425567075461e+19,3,7.485263636400001
-0.1598595679555217,1.3649999999999998,1.8235830644122636e+19,3,7.485263636400001
-0.1580221016571824,1.23,1.6432286954044576e+19,3,7.485263636400001
-0.15618463535884305,1.215,1.623189321070257e+19,3,7.485263636400001
-0.1543471690605037,1.26,1.683307444072859e+19,3,7.485263636400001
-0.15250970276216438,1.1524999999999999,1.539691928011087e+19,3,7.485263636400001
-0.15067223646382505,1.0775000000000001,1.439495056340084e+19,3,7.485263636400001
-0.14883477016548574,1.0775000000000001,1.439495056340084e+19,3,7.485263636400001
-0.1469973038671464,0.9425,1.2591406873322775e+19,3,7.485263636400001
-0.14515983756880704,0.8225,1.0988256926586718e+19,3,7.485263636400001
-0.14332237127046774,0.7375,9.852692380982012e+18,3,7.485263636400001
-0.1414849049721284,0.6225,8.316340348693292e+18,3,7.485263636400001
-0.1396474386737891,0.4625,6.17880708637855e+18,3,7.485263636400001
-0.13780997237544976,0.42249999999999993,5.644423770799864e+18,3,7.485263636400001
-0.1359725060771104,0.35750000000000004,4.776050882984501e+18,3,7.485263636400001
-0.1341350397787711,0.3125,4.17486965295848e+18,3,7.485263636400001
-0.13229757348043175,0.2375,3.1729009362484444e+18,3,7.485263636400001
-0.13046010718209242,0.1875,2.5049217917750876e+18,3,7.485263636400001
-0.1286226408837531,0.0675,9.017718450390317e+17,3,7.485263636400001
-0.12678517458541375,0.0675,9.017718450390317e+17,3,7.485263636400001
-0.12494770828707442,0.12,1.603149946736056e+18,3,7.485263636400001
-0.1231102419887351,0.135,1.8035436900780634e+18,3,7.485263636400001
-0.12127277569039578,0.16499999999999998,2.204331176762077e+18,3,7.485263636400001
-0.11943530939205646,0.18,2.404724920104084e+18,3,7.485263636400001
-0.1175978430937171,0.18,2.404724920104084e+18,3,7.485263636400001
-0.11576037679537778,0.18,2.404724920104084e+18,3,7.485263636400001
-0.11392291049703845,0.24000000000000002,3.2062998934721126e+18,3,7.485263636400001
-0.11208544419869913,0.27,3.6070873801561267e+18,3,7.485263636400001
-0.11024797790035981,0.26250000000000007,3.5068905084851236e+18,3,7.485263636400001
-0.10841051160202045,0.2775,3.7072842518271304e+18,3,7.485263636400001
-0.10657304530368113,0.3075,4.108071738511144e+18,3,7.485263636400001
-0.1047355790053418,0.3225,4.308465481853151e+18,3,7.485263636400001
-0.10289811270700248,0.3975,5.310434198563187e+18,3,7.485263636400001
-0.10106064640866315,0.43,5.744620642470868e+18,3,7.485263636400001
-0.0992231801103238,0.49,6.546195615838896e+18,3,7.485263636400001
-0.09738571381198448,0.49,6.546195615838896e+18,3,7.485263636400001
-0.09554824751364516,0.49,6.546195615838896e+18,3,7.485263636400001
-0.09371078121530582,0.52,6.946983102522911e+18,3,7.485263636400001
-0.0918733149169665,0.52,6.946983102522911e+18,3,7.485263636400001
-0.09003584861862715,0.55,7.347770589206924e+18,3,7.485263636400001
-0.08819838232028783,0.5800000000000001,7.748558075890939e+18,3,7.485263636400001
-0.0863609160219485,0.5800000000000001,7.748558075890939e+18,3,7.485263636400001
-0.08452344972360917,0.6100000000000001,8.149345562574953e+18,3,7.485263636400001
-0.08268598342526985,0.655,8.750526792600973e+18,3,7.485263636400001
-0.0808485171269305,0.655,8.750526792600973e+18,3,7.485263636400001
-0.07901105082859117,0.655,8.750526792600973e+18,3,7.485263636400001
-0.07717358453025185,0.685,9.151314279284988e+18,3,7.485263636400001
-0.07533611823191252,0.685,9.151314279284988e+18,3,7.485263636400001
-0.0734986519335732,0.7,9.351708022626994e+18,3,7.485263636400001
-0.07166118563523384,0.7,9.351708022626994e+18,3,7.485263636400001
-0.06982371933689456,0.73,9.752495509311009e+18,3,7.485263636400001
-0.0679862530385552,0.73,9.752495509311009e+18,3,7.485263636400001
-0.06614878674021585,0.73,9.752495509311009e+18,3,7.485263636400001
-0.06431132044187655,0.82,1.095485796936305e+19,3,7.485263636400001
-0.0624738541435372,0.8049999999999999,1.0754464226021042e+19,3,7.485263636400001
-0.060636387845197905,0.865,1.1556039199389071e+19,3,7.485263636400001
-0.05879892154685855,0.895,1.1956826686073086e+19,3,7.485263636400001
-0.05696145524851919,1.0350000000000001,1.3827168290598486e+19,3,7.485263636400001
-0.055123988950179906,1.045,1.3960764119493155e+19,3,7.485263636400001
-0.05328652265184054,0.91,1.2157220429415092e+19,3,7.485263636400001
-0.051449056353501256,0.7150000000000001,9.552101765969002e+18,3,7.485263636400001
-0.0496115900551619,0.625,8.34973930591696e+18,3,7.485263636400001
-0.047774123756822544,0.565,7.548164332548931e+18,3,7.485263636400001
-0.04593665745848325,0.64,8.550133049258966e+18,3,7.485263636400001
-0.044099191160143894,0.63,8.416537220364295e+18,3,7.485263636400001
-0.04226172486180461,0.5700000000000001,7.614962246996268e+18,3,7.485263636400001
-0.04042425856346525,0.52,6.946983102522911e+18,3,7.485263636400001
-0.038586792265125895,0.46,6.145408129154883e+18,3,7.485263636400001
-0.0367493259667866,0.44000000000000006,5.87821647136554e+18,3,7.485263636400001
-0.034911859668447245,0.445,5.945014385812875e+18,3,7.485263636400001
-0.03307439337010795,0.43500000000000005,5.811418556918204e+18,3,7.485263636400001
-0.0312369270717686,0.42500000000000004,5.677822728023533e+18,3,7.485263636400001
-0.029399460773429243,0.35500000000000004,4.742651925760834e+18,3,7.485263636400001
-0.027561994475089953,0.41500000000000004,5.544226899128862e+18,3,7.485263636400001
-0.025724528176750593,0.37,4.94304566910284e+18,3,7.485263636400001
-0.023887061878411303,0.355,4.742651925760833e+18,3,7.485263636400001
-0.022049595580071947,0.35500000000000004,4.742651925760834e+18,3,7.485263636400001
-0.02021212928173259,0.27,3.6070873801561267e+18,3,7.485263636400001
-0.0183746629833933,0.31,4.1414706957348116e+18,3,7.485263636400001
-0.016537196685053945,0.25,3.3398957223667835e+18,3,7.485263636400001
-0.014699730386714589,0.13,1.7367457756307277e+18,3,7.485263636400001
-0.012862264088375297,0.11499999999999999,1.5363520322887204e+18,3,7.485263636400001
-0.01102479779003594,0.05500000000000001,7.347770589206925e+17,3,7.485263636400001
-0.00918733149169665,0.07,9.351708022626995e+17,3,7.485263636400001
-0.007349865193357294,0.0625,8.349739305916959e+17,3,7.485263636400001
-0.005512398895017938,0.0625,8.349739305916959e+17,3,7.485263636400001
-0.003674932596678647,0.0475,6.34580187249689e+17,3,7.485263636400001
-0.0018374662983392908,0.0225,3.005906150130105e+17,3,7.485263636400001
0.0,0.027500000000000004,3.6738852946034624e+17,3,7.485263636400001
0.0018374662983392908,0.037500000000000006,5.009843583550176e+17,3,7.485263636400001
0.003674932596678647,0.022500000000000003,3.0059061501301056e+17,3,7.485263636400001
0.005512398895017938,0.022500000000000003,3.0059061501301056e+17,3,7.485263636400001
0.007349865193357294,0.0375,5.0098435835501754e+17,3,7.485263636400001
0.00918733149169665,0.0375,5.0098435835501754e+17,3,7.485263636400001
0.01102479779003594,0.052500000000000005,7.013781016970246e+17,3,7.485263636400001
0.012862264088375297,0.052500000000000005,7.013781016970246e+17,3,7.485263636400001
0.014699730386714589,0.052500000000000005,7.013781016970246e+17,3,7.485263636400001
0.016537196685053945,0.052500000000000005,7.013781016970246e+17,3,7.485263636400001
0.0183746629833933,0.052500000000000005,7.013781016970246e+17,3,7.485263636400001
0.02021212928173259,0.0825,1.1021655883810387e+18,3,7.485263636400001
0.022049595580071947,0.0825,1.1021655883810387e+18,3,7.485263636400001
0.023887061878411303,0.0825,1.1021655883810387e+18,3,7.485263636400001
0.025724528176750593,0.0975,1.3025593317230456e+18,3,7.485263636400001
0.027561994475089953,0.0975,1.3025593317230456e+18,3,7.485263636400001
0.029399460773429243,0.0975,1.3025593317230456e+18,3,7.485263636400001
0.0312369270717686,0.0975,1.3025593317230456e+18,3,7.485263636400001
0.03307439337010795,0.1275,1.7033468184070597e+18,3,7.485263636400001
0.034911859668447245,0.1575,2.1041343050910738e+18,3,7.485263636400001
0.0367493259667866,0.2025,2.705315535117095e+18,3,7.485263636400001
0.038586792265125895,0.1725,2.3045280484330806e+18,3,7.485263636400001
0.04042425856346525,0.1725,2.3045280484330806e+18,3,7.485263636400001
0.04226172486180461,0.21749999999999997,2.905709278459101e+18,3,7.485263636400001
0.044099191160143894,0.2825,3.7740821662744653e+18,3,7.485263636400001
0.04593665745848325,0.4425,5.911615428589208e+18,3,7.485263636400001
0.047774123756822544,0.5175,6.913584145299242e+18,3,7.485263636400001
0.0496115900551619,0.5725,7.648361204219935e+18,3,7.485263636400001
0.051449056353501256,0.6125,8.18274451979862e+18,3,7.485263636400001
0.05328652265184054,0.6825,9.117915322061319e+18,3,7.485263636400001
0.055123988950179906,0.7875,1.0520671525455368e+19,3,7.485263636400001
0.05696145524851919,0.8325,1.112185275548139e+19,3,7.485263636400001
0.05879892154685855,0.8475,1.1322246498823397e+19,3,7.485263636400001
0.060636387845197905,0.9075000000000001,1.2123821472191427e+19,3,7.485263636400001
0.0624738541435372,0.8825000000000001,1.1789831899954747e+19,3,7.485263636400001
0.06431132044187655,0.9974999999999999,1.3326183932243466e+19,3,7.485263636400001
0.06614878674021585,1.0075,1.345977976113814e+19,3,7.485263636400001
0.0679862530385552,1.0275,1.3726971418927483e+19,3,7.485263636400001
0.06982371933689456,1.0875000000000001,1.452854639229551e+19,3,7.485263636400001
0.07166118563523384,1.1025,1.4728940135637516e+19,3,7.485263636400001
0.0734986519335732,1.1775,1.5730908852347552e+19,3,7.485263636400001
0.07533611823191252,1.2375,1.6532483825715579e+19,3,7.485263636400001
0.07717358453025185,1.2675,1.6933271312399593e+19,3,7.485263636400001
0.07901105082859117,1.2675,1.6933271312399593e+19,3,7.485263636400001
0.0808485171269305,1.2975,1.7334058799083608e+19,3,7.485263636400001
0.08268598342526985,1.3175000000000003,1.7601250456872954e+19,3,7.485263636400001
0.08452344972360917,1.2625000000000002,1.686647339795226e+19,3,7.485263636400001
0.0863609160219485,1.3575,1.8135633772451635e+19,3,7.485263636400001
0.08819838232028783,1.4475,1.9337996232503677e+19,3,7.485263636400001
0.09003584861862715,1.4749999999999999,1.9705384761964024e+19,3,7.485263636400001
0.0918733149169665,1.505,2.0106172248648036e+19,3,7.485263636400001
0.09371078121530582,1.505,2.0106172248648036e+19,3,7.485263636400001
0.09554824751364516,1.5025000000000002,2.007277329142437e+19,3,7.485263636400001
0.09738571381198448,1.5525000000000002,2.074075243589773e+19,3,7.485263636400001
0.0992231801103238,1.6124999999999998,2.1542327409265754e+19,3,7.485263636400001
0.10106064640866315,1.7325,2.314547735600181e+19,3,7.485263636400001
0.10289811270700248,1.8675,2.4949021046079873e+19,3,7.485263636400001
0.1047355790053418,1.9474999999999998,2.6017787677237244e+19,3,7.485263636400001
0.10657304530368113,1.8975,2.534980853276389e+19,3,7.485263636400001
0.10841051160202045,1.875,2.504921791775088e+19,3,7.485263636400001
0.11024797790035981,1.95,2.6051186634460914e+19,3,7.485263636400001
0.11208544419869913,2.06,2.7520740752302297e+19,3,7.485263636400001
0.11392291049703845,1.96,2.6184782463355585e+19,3,7.485263636400001
0.11576037679537778,1.9049999999999998,2.545000540443489e+19,3,7.485263636400001
0.1175978430937171,1.8899999999999997,2.524961166109288e+19,3,7.485263636400001
0.11943530939205646,1.8349999999999997,2.451483460217219e+19,3,7.485263636400001
0.12127277569039578,1.9549999999999998,2.6117984548908245e+19,3,7.485263636400001
0.1231102419887351,1.7550000000000001,2.3446067971014824e+19,3,7.485263636400001
0.12494770828707442,1.7499999999999998,2.3379270056567484e+19,3,7.485263636400001
0.12678517458541375,1.745,2.3312472142120153e+19,3,7.485263636400001
0.1286226408837531,1.7449999999999999,2.331247214212015e+19,3,7.485263636400001
0.13046010718209242,1.68,2.2444099254304784e+19,3,7.485263636400001
0.13229757348043175,1.655,2.2110109682068107e+19,3,7.485263636400001
0.1341350397787711,1.73,2.3112078398778143e+19,3,7.485263636400001
0.1359725060771104,1.705,2.2778088826541466e+19,3,7.485263636400001
0.13780997237544976,1.7200000000000002,2.2978482569883476e+19,3,7.485263636400001
0.1396474386737891,1.635,2.1842918024278766e+19,3,7.485263636400001
0.1414849049721284,1.7550000000000001,2.3446067971014824e+19,3,7.485263636400001
0.14332237127046774,1.79,2.391365337214617e+19,3,7.485263636400001
0.14515983756880704,1.79,2.391365337214617e+19,3,7.485263636400001
0.1469973038671464,1.7449999999999999,2.331247214212015e+19,3,7.485263636400001
0.14883477016548574,1.7225000000000001,2.301188152710714e+19,3,7.485263636400001
0.15067223646382505,1.8275000000000001,2.441463773050119e+19,3,7.485263636400001
0.15250970276216438,1.8425,2.4615031473843196e+19,3,7.485263636400001
0.1543471690605037,1.7325,2.314547735600181e+19,3,7.485263636400001
0.15618463535884305,1.7974999999999999,2.4013850243817173e+19,3,7.485263636400001
0.1580221016571824,1.8074999999999999,2.4147446072711844e+19,3,7.485263636400001
0.1598595679555217,1.5699999999999998,2.09745451364634e+19,3,7.485263636400001
0.16169703425386103,1.505,2.0106172248648036e+19,3,7.485263636400001
0.16353450055220034,1.5650000000000002,2.090774722201607e+19,3,7.485263636400001
0.1653719668505397,1.4849999999999999,1.9838980590858695e+19,3,7.485263636400001
0.16720943314887904,1.525,2.037336390643738e+19,3,7.485263636400001
0.16904689944721835,1.6099999999999999,2.1508928452042084e+19,3,7.485263636400001
0.17088436574555768,1.705,2.2778088826541466e+19,3,7.485263636400001
0.172721832043897,1.82,2.4314440858830184e+19,3,7.485263636400001
0.17455929834223635,1.82,2.4314440858830184e+19,3,7.485263636400001
0.1763967646405757,1.82,2.4314440858830184e+19,3,7.485263636400001
0.178234230938915,1.6300000000000001,2.177612010983143e+19,3,7.485263636400001
0.18007169723725433,1.65,2.204331176762077e+19,3,7.485263636400001
0.18190916353559364,1.6150000000000002,2.1575726366489424e+19,3,7.485263636400001
0.183746629833933,1.6,2.1375332623147418e+19,3,7.485263636400001
0.18558409613227234,1.53,2.0440161820884718e+19,3,7.485263636400001
0.18742156243061164,1.54,2.057375764977939e+19,3,7.485263636400001
0.18925902872895098,1.565,2.0907747222016066e+19,3,7.485263636400001
0.19109649502729031,1.47,1.963858684751669e+19,3,7.485263636400001
0.19293396132562965,1.345,1.7968638986333297e+19,3,7.485263636400001
0.19477142762396898,1.305,1.743425567075461e+19,3,7.485263636400001
0.1966088939223083,1.25,1.669947861183392e+19,3,7.485263636400001
0.19844636022064763,1.1775,1.5730908852347552e+19,3,7.485263636400001
0.200283826518987,1.1575,1.5463717194558208e+19,3,7.485263636400001
0.2021212928173263,1.1575,1.5463717194558208e+19,3,7.485263636400001
0.20395875911566563,1.1575,1.5463717194558208e+19,3,7.485263636400001
0.20579622541400497,1.1724999999999999,1.5664110937900214e+19,3,7.485263636400001
0.20763369171234428,1.1425,1.5263323451216202e+19,3,7.485263636400001
0.20947115801068364,1.0825,1.4461748477848175e+19,3,7.485263636400001
0.21130862430902295,1.0625,1.419455682005883e+19,3,7.485263636400001
0.21314609060736228,1.0975000000000001,1.4662142221190183e+19,3,7.485263636400001
0.21498355690570162,1.1724999999999999,1.5664110937900214e+19,3,7.485263636400001
0.21682102320404092,1.1724999999999999,1.5664110937900214e+19,3,7.485263636400001
0.2186584895023803,1.0,1.3359582889467134e+19,3,7.485263636400001
0.22049595580071962,0.97,1.295879540278312e+19,3,7.485263636400001
0.22233342209905893,0.9849999999999999,1.3159189146125126e+19,3,7.485263636400001
0.22417088839739827,1.135,1.5163126579545199e+19,3,7.485263636400001
0.2260083546957376,1.105,1.4762339092861184e+19,3,7.485263636400001
0.2278458209940769,1.195,1.5964701552913228e+19,3,7.485263636400001
0.22968328729241627,1.225,1.636548903959724e+19,3,7.485263636400001
0.23152075359075558,1.315,1.7567851499649282e+19,3,7.485263636400001
0.23335821988909491,1.24,1.6565882782939247e+19,3,7.485263636400001
0.23519568618743425,1.24,1.6565882782939247e+19,3,7.485263636400001
0.23703315248577356,1.24,1.6565882782939247e+19,3,7.485263636400001
0.23887061878411292,1.195,1.5964701552913228e+19,3,7.485263636400001
0.24070808508245223,1.165,1.5563914066229213e+19,3,7.485263636400001
0.24254555138079156,1.135,1.5163126579545199e+19,3,7.485263636400001
0.24438301767913093,1.105,1.4762339092861184e+19,3,7.485263636400001
0.2462204839774702,1.09,1.4561945349519178e+19,3,7.485263636400001
0.24805795027580957,1.0750000000000002,1.4361551606177171e+19,3,7.485263636400001
0.24989541657414888,1.045,1.3960764119493155e+19,3,7.485263636400001
0.2517328828724882,1.045,1.3960764119493155e+19,3,7.485263636400001
0.25357034917082755,1.03,1.3760370376151149e+19,3,7.485263636400001
0.25540781546916685,0.985,1.3159189146125128e+19,3,7.485263636400001
0.2572452817675062,0.895,1.1956826686073086e+19,3,7.485263636400001
0.2590827480658455,0.8500000000000001,1.1355645456047065e+19,3,7.485263636400001
0.26092021436418483,0.8350000000000001,1.1155251712705059e+19,3,7.485263636400001
0.2627576806625242,0.8350000000000001,1.1155251712705059e+19,3,7.485263636400001
0.2645951469608635,0.7675,1.0253479867666024e+19,3,7.485263636400001
0.26643261325920287,0.7525000000000001,1.005308612432402e+19,3,7.485263636400001
0.2682700795575422,0.7225000000000001,9.652298637640008e+18,3,7.485263636400001
0.2701075458558815,0.7224999999999999,9.652298637640004e+18,3,7.485263636400001
0.27194501215422084,0.7075,9.451904894297997e+18,3,7.485263636400001
0.27378247845256015,0.6625000000000001,8.850723664271977e+18,3,7.485263636400001
0.2756199447508995,0.6175,8.249542434245957e+18,3,7.485263636400001
0.2774574110492388,0.6025,8.049148690903949e+18,3,7.485263636400001
0.2792948773475782,0.5725,7.648361204219935e+18,3,7.485263636400001
0.2811323436459175,0.5575,7.447967460877927e+18,3,7.485263636400001
0.2829698099442568,0.5425,7.24757371753592e+18,3,7.485263636400001
0.28480727624259616,0.5875000000000001,7.848754947561943e+18,3,7.485263636400001
0.28664474254093547,0.5875000000000001,7.848754947561943e+18,3,7.485263636400001
0.28848220883927483,0.5875000000000001,7.848754947561943e+18,3,7.485263636400001
0.29031967513761414,0.5875000000000001,7.848754947561943e+18,3,7.485263636400001
0.29215714143595345,0.5875000000000001,7.848754947561943e+18,3,7.485263636400001
0.2939946077342928,0.625,8.34973930591696e+18,3,7.485263636400001
0.2958320740326322,0.625,8.34973930591696e+18,3,7.485263636400001
0.2976695403309715,0.625,8.34973930591696e+18,3,7.485263636400001
0.2995070066293108,0.625,8.34973930591696e+18,3,7.485263636400001
0.3013444729276501,0.625,8.34973930591696e+18,3,7.485263636400001
0.30318193922598946,0.685,9.151314279284988e+18,3,7.485263636400001
0.3050194055243288,0.685,9.151314279284988e+18,3,7.485263636400001
0.30685687182266813,0.7150000000000001,9.552101765969002e+18,3,7.485263636400001
0.30869433812100744,0.7150000000000001,9.552101765969002e+18,3,7.485263636400001
0.31053180441934675,0.7150000000000001,9.552101765969002e+18,3,7.485263636400001
0.3123692707176861,0.7150000000000001,9.552101765969002e+18,3,7.485263636400001
0.3142067370160255,0.7150000000000001,9.552101765969002e+18,3,7.485263636400001
0.3160442033143648,0.7150000000000001,9.552101765969002e+18,3,7.485263636400001
0.31788166961270414,0.7150000000000001,9.552101765969002e+18,3,7.485263636400001
0.3197191359110434,0.7150000000000001,9.552101765969002e+18,3,7.485263636400001
0.32155660220938276,0.7450000000000001,9.952889252653017e+18,3,7.485263636400001
0.3233940685077221,0.7450000000000001,9.952889252653017e+18,3,7.485263636400001
0.32523153480606143,0.7424999999999999,9.919490295429347e+18,3,7.485263636400001
0.3270690011044008,0.7424999999999999,9.919490295429347e+18,3,7.485263636400001
0.32890646740274004,0.7424999999999999,9.919490295429347e+18,3,7.485263636400001
0.3307439337010794,0.7275,9.719096552087341e+18,3,7.485263636400001
0.33258139999941877,0.7275,9.719096552087341e+18,3,7.485263636400001
0.3344188662977581,0.7275,9.719096552087341e+18,3,7.485263636400001
0.33625633259609744,0.7725,1.0320277782113362e+19,3,7.485263636400001
0.3380937988944367,0.7725,1.0320277782113362e+19,3,7.485263636400001
0.33993126519277606,0.7725,1.0320277782113362e+19,3,7.485263636400001
0.3417687314911154,0.7725,1.0320277782113362e+19,3,7.485263636400001
0.3436061977894547,0.7575000000000001,1.0119884038771356e+19,3,7.485263636400001
0.3454436640877941,0.7875,1.0520671525455368e+19,3,7.485263636400001
0.34728113038613334,0.7875,1.0520671525455368e+19,3,7.485263636400001
0.3491185966844727,0.8025,1.0721065268797377e+19,3,7.485263636400001
0.35095606298281207,0.805,1.0754464226021044e+19,3,7.485263636400001
0.3527935292811514,0.8350000000000001,1.1155251712705059e+19,3,7.485263636400001
0.35463099557949074,0.8650000000000001,1.1556039199389073e+19,3,7.485263636400001
0.35646846187783,0.8650000000000001,1.1556039199389073e+19,3,7.485263636400001
0.35830592817616935,0.8950000000000001,1.1956826686073088e+19,3,7.485263636400001
0.3601433944745087,0.8950000000000001,1.1956826686073088e+19,3,7.485263636400001
0.361980860772848,0.97,1.295879540278312e+19,3,7.485263636400001
0.3638183270711874,0.97,1.295879540278312e+19,3,7.485263636400001
0.36565579336952664,1.0,1.3359582889467134e+19,3,7.485263636400001
0.367493259667866,1.045,1.3960764119493155e+19,3,7.485263636400001
