energy_ev,averaged_transmission,transmission_per_area_m^-2,transmission_direction,area_angstrom^2
-0.367493259667866,0.0,0.0,2,8.496948967102723
-0.36565579336952664,0.0,0.0,2,8.496948967102723
-0.3638183270711874,0.0,0.0,2,8.496948967102723
-0.361980860772848,0.0,0.0,2,8.496948967102723
-0.3601433944745087,0.0,0.0,2,8.496948967102723
-0.35830592817616935,0.0,0.0,2,8.496948967102723
-0.35646846187783,0.0,0.0,2,8.496948967102723
-0.35463099557949074,0.0,0.0,2,8.496948967102723
-0.3527935292811514,0.0,0.0,2,8.496948967102723
-0.35095606298281207,0.0,0.0,2,8.496948967102723
-0.3491185966844727,0.0,0.0,2,8.496948967102723
-0.34728113038613334,0.0,0.0,2,8.496948967102723
-0.3454436640877941,0.0,0.0,2,8.496948967102723
-0.3436061977894547,0.0,0.0,2,8.496948967102723
-0.3417687314911154,0.0,0.0,2,8.496948967102723
-0.33993126519277606,0.0025,2.942232570395731e+16,2,8.496948967102723
-0.3380937988944367,0.0075,8.826697711187194e+16,2,8.496948967102723
-0.33625633259609744,0.0125,1.4711162851978656e+17,2,8.496948967102723
-0.3344188662977581,0.0225,2.648009313356158e+17,2,8.496948967102723
-0.33258139999941877,0.027500000000000004,3.236455827435305e+17,2,8.496948967102723
-0.3307439337010794,0.027500000000000004,3.236455827435305e+17,2,8.496948967102723
-0.32890646740274004,0.037500000000000006,4.4133488555935974e+17,2,8.496948967102723
-0.3270690011044008,0.037500000000000006,4.4133488555935974e+17,2,8.496948967102723
-0.32523153480606143,0.037500000000000006,4.4133488555935974e+17,2,8.496948967102723
-0.3233940685077221,0.0425,5.001795369672744e+17,2,8.496948967102723
-0.32155660220938276,0.0575,6.767134911910182e+17,2,8.496948967102723
-0.3197191359110434,0.0675,7.944027940068475e+17,2,8.496948967102723
-0.31788166961270414,0.0675,7.944027940068475e+17,2,8.496948967102723
-0.3160442033143648,0.0775,9.120920968226767e+17,2,8.496948967102723
-0.3142067370160255,0.0775,9.120920968226767e+17,2,8.496948967102723
-0.3123692707176861,0.0825,9.709367482305914e+17,2,8.496948967102723
-0.31053180441934675,0.0825,9.709367482305914e+17,2,8.496948967102723
-0.30869433812100744,0.10250000000000001,1.20631535386225e+18,2,8.496948967102723
-0.30685687182266813,0.10250000000000001,1.20631535386225e+18,2,8.496948967102723
-0.3050194055243288,0.10250000000000001,1.20631535386225e+18,2,8.496948967102723
-0.30318193922598946,0.10750000000000001,1.2651600052701647e+18,2,8.496948967102723
-0.3013444729276501,0.125,1.4711162851978657e+18,2,8.496948967102723
-0.2995070066293108,0.215,2.530320010540329e+18,2,8.496948967102723
-0.2976695403309715,0.29000000000000004,3.412989781659049e+18,2,8.496948967102723
-0.2958320740326322,0.355,4.1779702499619384e+18,2,8.496948967102723
-0.2939946077342928,0.44500000000000006,5.237173975304403e+18,2,8.496948967102723
-0.29215714143595345,0.53,6.237533049238951e+18,2,8.496948967102723
-0.29031967513761414,0.605,7.12020282035767e+18,2,8.496948967102723
-0.28848220883927483,0.7050000000000001,8.297095848515963e+18,2,8.496948967102723
-0.28664474254093547,0.77,9.062076316818853e+18,2,8.496948967102723
-0.28480727624259616,0.88,1.0356658647792974e+19,2,8.496948967102723
-0.2829698099442568,0.965,1.1357017721727523e+19,2,8.496948967102723
-0.2811323436459175,1.02,1.2004308887214584e+19,2,8.496948967102723
-0.2792948773475782,1.18,1.3887337732267852e+19,2,8.496948967102723
-0.2774574110492388,1.2650000000000001,1.4887696806202403e+19,2,8.496948967102723
-0.2756199447508995,1.325,1.5593832623097375e+19,2,8.496948967102723
-0.27378247845256015,1.3450000000000002,1.5829211228729037e+19,2,8.496948967102723
-0.27194501215422084,1.335,1.5711521925913205e+19,2,8.496948967102723
-0.2701075458558815,1.34,1.5770366577321122e+19,2,8.496948967102723
-0.2682700795575422,1.3525,1.5917478205840906e+19,2,8.496948967102723
-0.26643261325920287,1.2375,1.4564051223458871e+19,2,8.496948967102723
-0.2645951469608635,1.1324999999999998,1.332831354389266e+19,2,8.496948967102723
-0.2627576806625242,1.0575,1.2445643772773945e+19,2,8.496948967102723
-0.26092021436418483,0.9874999999999999,1.1621818653063137e+19,2,8.496948967102723
-0.2590827480658455,0.8525,1.0033013065049444e+19,2,8.496948967102723
-0.2572452817675062,0.7575,8.914964688299065e+18,2,8.496948967102723
-0.25540781546916685,0.7274999999999999,8.561896779851577e+18,2,8.496948967102723
-0.25357034917082755,0.7025,8.267673522812005e+18,2,8.496948967102723
-0.2517328828724882,0.7625000000000001,8.973809339706981e+18,2,8.496948967102723
-0.24989541657414888,0.7275,8.561896779851578e+18,2,8.496948967102723
-0.24805795027580957,0.7125,8.385362825627834e+18,2,8.496948967102723
-0.2462204839774702,0.7125,8.385362825627834e+18,2,8.496948967102723
-0.24438301767913093,0.7275,8.561896779851578e+18,2,8.496948967102723
-0.24254555138079156,0.6775,7.973450265772431e+18,2,8.496948967102723
-0.24070808508245223,0.6725000000000001,7.914605614364518e+18,2,8.496948967102723
-0.23887061878411292,0.6325000000000001,7.443848403101201e+18,2,8.496948967102723
-0.23703315248577356,0.6725000000000001,7.914605614364518e+18,2,8.496948967102723
-0.23519568618743425,0.7175,8.444207477035749e+18,2,8.496948967102723
-0.23335821988909491,0.7375,8.679586082667408e+18,2,8.496948967102723
-0.23152075359075558,0.8075,9.503411202378211e+18,2,8.496948967102723
-0.22968328729241627,0.8325,9.797634459417786e+18,2,8.496948967102723
-0.2278458209940769,0.8325,9.797634459417786e+18,2,8.496948967102723
-0.2260083546957376,0.8975,1.0562614927720675e+19,2,8.496948967102723
-0.22417088839739827,0.985,1.159239632735918e+19,2,8.496948967102723
-0.22233342209905893,1.025,1.2063153538622497e+19,2,8.496948967102723
-0.22049595580071962,0.9850000000000001,1.1592396327359183e+19,2,8.496948967102723
-0.2186584895023803,0.965,1.1357017721727523e+19,2,8.496948967102723
-0.21682102320404092,0.985,1.159239632735918e+19,2,8.496948967102723
-0.21498355690570162,1.0350000000000001,1.2180842841438329e+19,2,8.496948967102723
-0.21314609060736228,0.9950000000000001,1.1710085630175013e+19,2,8.496948967102723
-0.21130862430902295,1.0150000000000001,1.194546423580667e+19,2,8.496948967102723
-0.20947115801068364,1.065,1.2533910749885815e+19,2,8.496948967102723
-0.20763369171234428,1.1150000000000002,1.3122357263964965e+19,2,8.496948967102723
-0.20579622541400497,1.12,1.3181201915372878e+19,2,8.496948967102723
-0.20395875911566563,1.0725,1.2622177726997688e+19,2,8.496948967102723
-0.2021212928173263,1.1775,1.3857915406563895e+19,2,8.496948967102723
-0.200283826518987,1.1775,1.3857915406563895e+19,2,8.496948967102723
-0.19844636022064763,1.1975,1.4093294012195553e+19,2,8.496948967102723
-0.1966088939223083,1.0625,1.2504488424181858e+19,2,8.496948967102723
-0.19477142762396898,1.0375,1.2210265167142285e+19,2,8.496948967102723
-0.19293396132562965,1.0175,1.1974886561510627e+19,2,8.496948967102723
-0.19109649502729031,1.0525,1.2386799121366028e+19,2,8.496948967102723
-0.18925902872895098,1.1524999999999999,1.356369214952432e+19,2,8.496948967102723
-0.18742156243061164,1.22,1.4358094943531168e+19,2,8.496948967102723
-0.18558409613227234,1.2000000000000002,1.4122716337899512e+19,2,8.496948967102723
-0.183746629833933,1.25,1.4711162851978656e+19,2,8.496948967102723
-0.18190916353559364,1.3,1.5299609366057804e+19,2,8.496948967102723
-0.18007169723725433,1.34,1.5770366577321122e+19,2,8.496948967102723
-0.178234230938915,1.37,1.612343448576861e+19,2,8.496948967102723
-0.1763967646405757,1.3599999999999999,1.6005745182952778e+19,2,8.496948967102723
-0.17455929834223635,1.3450000000000002,1.5829211228729037e+19,2,8.496948967102723
-0.172721832043897,1.45,1.7064948908295242e+19,2,8.496948967102723
-0.17088436574555768,1.42,1.6711880999847754e+19,2,8.496948967102723
-0.16904689944721835,1.36,1.600574518295278e+19,2,8.496948967102723
-0.16720943314887904,1.335,1.5711521925913205e+19,2,8.496948967102723
-0.1653719668505397,1.355,1.5946900531544863e+19,2,8.496948967102723
-0.16353450055220034,1.2925,1.521134238894593e+19,2,8.496948967102723
-0.16169703425386103,1.31,1.5417298668873634e+19,2,8.496948967102723
-0.1598595679555217,1.305,1.5358454017465717e+19,2,8.496948967102723
-0.1580221016571824,1.31,1.5417298668873634e+19,2,8.496948967102723
-0.15618463535884305,1.2600000000000002,1.4828852154794488e+19,2,8.496948967102723
-0.1543471690605037,1.2200000000000002,1.4358094943531172e+19,2,8.496948967102723
-0.15250970276216438,1.1775000000000002,1.3857915406563897e+19,2,8.496948967102723
-0.15067223646382505,1.1175,1.315177958966892e+19,2,8.496948967102723
-0.14883477016548574,1.0475,1.2327954469958115e+19,2,8.496948967102723
-0.1469973038671464,1.0225,1.203373121291854e+19,2,8.496948967102723
-0.14515983756880704,0.8725,1.0268391670681102e+19,2,8.496948967102723
-0.14332237127046774,0.8225,9.679945156601956e+18,2,8.496948967102723
-0.1414849049721284,0.7625000000000001,8.973809339706981e+18,2,8.496948967102723
-0.1396474386737891,0.6725,7.914605614364517e+18,2,8.496948967102723
-0.13780997237544976,0.5425,6.384644677758736e+18,2,8.496948967102723
-0.1359725060771104,0.4375,5.148906998192529e+18,2,8.496948967102723
-0.1341350397787711,0.3775,4.4427711812975544e+18,2,8.496948967102723
-0.13229757348043175,0.3425,4.0308586214421524e+18,2,8.496948967102723
-0.13046010718209242,0.2825,3.324722804547176e+18,2,8.496948967102723
-0.1286226408837531,0.2825,3.324722804547176e+18,2,8.496948967102723
-0.12678517458541375,0.23249999999999998,2.73627629046803e+18,2,8.496948967102723
-0.12494770828707442,0.20500000000000002,2.4126307077245e+18,2,8.496948967102723
-0.1231102419887351,0.15000000000000002,1.765339542237439e+18,2,8.496948967102723
-0.12127277569039578,0.135,1.588805588013695e+18,2,8.496948967102723
-0.11943530939205646,0.10999999999999999,1.2945823309741217e+18,2,8.496948967102723
-0.1175978430937171,0.06999999999999999,8.238251197108047e+17,2,8.496948967102723
-0.11576037679537778,0.049999999999999996,5.884465140791462e+17,2,8.496948967102723
-0.11392291049703845,0.09,1.0592037253424632e+18,2,8.496948967102723
-0.11208544419869913,0.19,2.2360967535007557e+18,2,8.496948967102723
-0.11024797790035981,0.20750000000000002,2.442053033428457e+18,2,8.496948967102723
-0.10841051160202045,0.2325,2.7362762904680305e+18,2,8.496948967102723
-0.10657304530368113,0.24750000000000003,2.9128102446917745e+18,2,8.496948967102723
-0.1047355790053418,0.27749999999999997,3.2658781531392614e+18,2,8.496948967102723
-0.10289811270700248,0.25749999999999995,3.030499547507603e+18,2,8.496948967102723
-0.10106064640866315,0.27499999999999997,3.236455827435304e+18,2,8.496948967102723
-0.0992231801103238,0.26,3.0599218732115604e+18,2,8.496948967102723
-0.09738571381198448,0.29000000000000004,3.412989781659049e+18,2,8.496948967102723
-0.09554824751364516,0.385,4.5310381584094264e+18,2,8.496948967102723
-0.09371078121530582,0.365,4.2956595527777674e+18,2,8.496948967102723
-0.0918733149169665,0.335,3.9425916443302804e+18,2,8.496948967102723
-0.09003584861862715,0.335,3.9425916443302804e+18,2,8.496948967102723
-0.08819838232028783,0.355,4.1779702499619384e+18,2,8.496948967102723
-0.0863609160219485,0.355,4.1779702499619384e+18,2,8.496948967102723
-0.08452344972360917,0.42500000000000004,5.001795369672744e+18,2,8.496948967102723
-0.08268598342526985,0.44000000000000006,5.178329323896488e+18,2,8.496948967102723
-0.0808485171269305,0.405,4.766416764041085e+18,2,8.496948967102723
-0.07901105082859117,0.42500000000000004,5.001795369672744e+18,2,8.496948967102723
-0.07717358453025185,0.41500000000000004,4.884106066856914e+18,2,8.496948967102723
-0.07533611823191252,0.405,4.766416764041085e+18,2,8.496948967102723
-0.0734986519335732,0.4,4.70757211263317e+18,2,8.496948967102723
-0.07166118563523384,0.44000000000000006,5.178329323896488e+18,2,8.496948967102723
-0.06982371933689456,0.495,5.825620489383548e+18,2,8.496948967102723
-0.0679862530385552,0.505,5.943309792199377e+18,2,8.496948967102723
-0.06614878674021585,0.525,6.178688397831036e+18,2,8.496948967102723
-0.06431132044187655,0.505,5.943309792199377e+18,2,8.496948967102723
-0.0624738541435372,0.5100000000000001,6.002154443607293e+18,2,8.496948967102723
-0.060636387845197905,0.615,7.237892123173499e+18,2,8.496948967102723
-0.05879892154685855,0.645,7.590960031620987e+18,2,8.496948967102723
-0.05696145524851919,0.8400000000000001,9.885901436529658e+18,2,8.496948967102723
-0.055123988950179906,0.925,1.0886260510464207e+19,2,8.496948967102723
-0.05328652265184054,1.115,1.312235726396496e+19,2,8.496948967102723
-0.051449056353501256,1.12,1.3181201915372878e+19,2,8.496948967102723
-0.0496115900551619,1.06,1.2475066098477902e+19,2,8.496948967102723
-0.047774123756822544,1.06,1.2475066098477902e+19,2,8.496948967102723
-0.04593665745848325,1.04,1.2239687492846242e+19,2,8.496948967102723
-0.044099191160143894,1.03,1.2121998190030414e+19,2,8.496948967102723
-0.04226172486180461,0.98,1.1533551675951266e+19,2,8.496948967102723
-0.04042425856346525,0.975,1.1474707024543353e+19,2,8.496948967102723
-0.038586792265125895,0.905,1.0650881904832547e+19,2,8.496948967102723
-0.0367493259667866,0.905,1.0650881904832547e+19,2,8.496948967102723
-0.034911859668447245,0.905,1.0650881904832547e+19,2,8.496948967102723
-0.03307439337010795,0.89,1.0474347950608804e+19,2,8.496948967102723
-0.0312369270717686,0.8600000000000001,1.0121280042161318e+19,2,8.496948967102723
-0.029399460773429243,0.8200000000000001,9.650522830898e+18,2,8.496948967102723
-0.027561994475089953,0.79,9.297454922450512e+18,2,8.496948967102723
-0.025724528176750593,0.75,8.826697711187194e+18,2,8.496948967102723
-0.023887061878411303,0.745,8.767853059779279e+18,2,8.496948967102723
-0.022049595580071947,0.6699999999999999,7.885183288660559e+18,2,8.496948967102723
-0.02021212928173259,0.625,7.355581425989328e+18,2,8.496948967102723
-0.0183746629833933,0.5700000000000001,6.708290260502268e+18,2,8.496948967102723
-0.016537196685053945,0.425,5.001795369672743e+18,2,8.496948967102723
-0.014699730386714589,0.28500000000000003,3.354145130251134e+18,2,8.496948967102723
-0.012862264088375297,0.24000000000000002,2.8245432675799025e+18,2,8.496948967102723
-0.01102479779003594,0.155,1.8241841936453535e+18,2,8.496948967102723
-0.00918733149169665,0.12000000000000001,1.4122716337899512e+18,2,8.496948967102723
-0.007349865193357294,0.08750000000000001,1.0297813996385061e+18,2,8.496948967102723
-0.005512398895017938,0.08750000000000001,1.0297813996385061e+18,2,8.496948967102723
-0.003674932596678647,0.07250000000000001,8.532474454147622e+17,2,8.496948967102723
-0.0018374662983392908,0.0625,7.355581425989329e+17,2,8.496948967102723
0.0,0.0525,6.178688397831036e+17,2,8.496948967102723
0.001837466298339356,0.0475,5.590241883751889e+17,2,8.496948967102723
0.003674932596678712,0.0525,6.178688397831036e+17,2,8.496948967102723
0.005512398895018003,0.0525,6.178688397831036e+17,2,8.496948967102723
0.007349865193357359,0.07250000000000001,8.532474454147622e+17,2,8.496948967102723
0.00918733149169665,0.0825,9.709367482305914e+17,2,8.496948967102723
0.011024797790036006,0.0825,9.709367482305914e+17,2,8.496948967102723
0.012862264088375363,0.09250000000000001,1.0886260510464207e+18,2,8.496948967102723
0.014699730386714654,0.09250000000000001,1.0886260510464207e+18,2,8.496948967102723
0.01653719668505401,0.09250000000000001,1.0886260510464207e+18,2,8.496948967102723
0.0183746629833933,0.10750000000000001,1.2651600052701647e+18,2,8.496948967102723
0.020212129281732657,0.14250000000000002,1.677072565125567e+18,2,8.496948967102723
0.022049595580072013,0.15250000000000002,1.7947618679413965e+18,2,8.496948967102723
0.023887061878411303,0.15250000000000002,1.7947618679413965e+18,2,8.496948967102723
0.02572452817675066,0.1625,1.9124511707572255e+18,2,8.496948967102723
0.027561994475089953,0.1625,1.9124511707572255e+18,2,8.496948967102723
0.02939946077342931,0.1625,1.9124511707572255e+18,2,8.496948967102723
0.031236927071768665,0.1825,2.1478297763888837e+18,2,8.496948967102723
0.03307439337010795,0.2025,2.3832083820205425e+18,2,8.496948967102723
0.03491185966844731,0.2425,2.8539655932838595e+18,2,8.496948967102723
0.0367493259667866,0.2675,3.1481888503234324e+18,2,8.496948967102723
0.03858679226512596,0.27749999999999997,3.2658781531392614e+18,2,8.496948967102723
0.040424258563465314,0.2825,3.324722804547176e+18,2,8.496948967102723
0.04226172486180461,0.2975,3.50125675877092e+18,2,8.496948967102723
0.04409919116014396,0.4025,4.736994438337127e+18,2,8.496948967102723
0.04593665745848325,0.4375,5.148906998192529e+18,2,8.496948967102723
0.047774123756822606,0.5275000000000001,6.208110723534994e+18,2,8.496948967102723
0.04961159005516196,0.6824999999999999,8.032294917180345e+18,2,8.496948967102723
0.051449056353501256,0.8074999999999999,9.503411202378211e+18,2,8.496948967102723
0.05328652265184061,0.8925,1.050377027631276e+19,2,8.496948967102723
0.055123988950179906,0.8775,1.0327236322089017e+19,2,8.496948967102723
0.05696145524851926,0.9225,1.0856838184760248e+19,2,8.496948967102723
0.05879892154685862,0.9924999999999999,1.1680663304471052e+19,2,8.496948967102723
0.060636387845197905,1.0375,1.2210265167142285e+19,2,8.496948967102723
0.06247385414353726,1.0975,1.291640098403726e+19,2,8.496948967102723
0.06431132044187655,1.1125,1.3092934938261004e+19,2,8.496948967102723
0.0661487867402159,1.1925000000000001,1.403444936078764e+19,2,8.496948967102723
0.06798625303855527,1.2425000000000002,1.4622895874866786e+19,2,8.496948967102723
0.06982371933689456,1.2775,1.5034808434722187e+19,2,8.496948967102723
0.07166118563523391,1.3175,1.5505565645985503e+19,2,8.496948967102723
0.0734986519335732,1.3725,1.6152856811472566e+19,2,8.496948967102723
0.07533611823191257,1.3525,1.5917478205840906e+19,2,8.496948967102723
0.07717358453025192,1.3575,1.5976322857248821e+19,2,8.496948967102723
0.07901105082859121,1.4175,1.6682458674143797e+19,2,8.496948967102723
0.08084851712693056,1.4774999999999998,1.738859449103877e+19,2,8.496948967102723
0.08268598342526985,1.5074999999999998,1.7741662399486257e+19,2,8.496948967102723
0.08452344972360921,1.5524999999999998,1.8271264262157488e+19,2,8.496948967102723
0.08636091602194856,1.6175,1.903624473046038e+19,2,8.496948967102723
0.08819838232028786,1.6475,1.9389312638907867e+19,2,8.496948967102723
0.0900358486186272,1.63,1.9183356358980166e+19,2,8.496948967102723
0.0918733149169665,1.63,1.9183356358980166e+19,2,8.496948967102723
0.09371078121530586,1.65,1.9418734964611826e+19,2,8.496948967102723
0.09554824751364521,1.6275,1.915393403327621e+19,2,8.496948967102723
0.0973857138119845,1.6475,1.9389312638907867e+19,2,8.496948967102723
0.09922318011032387,1.6225,1.90950893818683e+19,2,8.496948967102723
0.10106064640866315,1.6975,1.9977759152987017e+19,2,8.496948967102723
0.10289811270700251,1.7125000000000001,2.015429310721076e+19,2,8.496948967102723
0.10473557900534186,1.7025000000000001,2.003660380439493e+19,2,8.496948967102723
0.10657304530368115,1.6875,1.9860069850171187e+19,2,8.496948967102723
0.10841051160202052,1.645,1.9359890313203913e+19,2,8.496948967102723
0.11024797790035981,1.645,1.9359890313203913e+19,2,8.496948967102723
0.11208544419869916,1.645,1.9359890313203913e+19,2,8.496948967102723
0.11392291049703852,1.65,1.9418734964611826e+19,2,8.496948967102723
0.1157603767953778,1.5,1.7653395422374388e+19,2,8.496948967102723
0.11759784309371717,1.4250000000000003,1.677072565125567e+19,2,8.496948967102723
0.11943530939205646,1.475,1.7359172165334817e+19,2,8.496948967102723
0.12127277569039581,1.46,1.718263821111107e+19,2,8.496948967102723
0.12311024198873517,1.535,1.8065307982229789e+19,2,8.496948967102723
0.12494770828707445,1.4549999999999998,1.7123793559703155e+19,2,8.496948967102723
0.1267851745854138,1.54,1.8124152633637706e+19,2,8.496948967102723
0.1286226408837531,1.545,1.8182997285045619e+19,2,8.496948967102723
0.13046010718209247,1.5950000000000002,1.8771443799124767e+19,2,8.496948967102723
0.1322975734804318,1.5599999999999998,1.8359531239269362e+19,2,8.496948967102723
0.13413503977877111,1.58,1.8594909844901024e+19,2,8.496948967102723
0.13597250607711048,1.58,1.8594909844901024e+19,2,8.496948967102723
0.13780997237544976,1.495,1.7594550770966475e+19,2,8.496948967102723
0.13964743867378912,1.5250000000000001,1.7947618679413963e+19,2,8.496948967102723
0.14148490497212846,1.54,1.8124152633637706e+19,2,8.496948967102723
0.14332237127046776,1.6,1.883028845053268e+19,2,8.496948967102723
0.14515983756880713,1.55,1.8241841936453536e+19,2,8.496948967102723
0.1469973038671464,1.5899999999999999,1.871259914771685e+19,2,8.496948967102723
0.14883477016548577,1.5575,1.8330108913565407e+19,2,8.496948967102723
0.15067223646382513,1.5775,1.8565487519197065e+19,2,8.496948967102723
0.1525097027621644,1.6425,1.9330467987499954e+19,2,8.496948967102723
0.15434716906050377,1.6575,1.9507001941723697e+19,2,8.496948967102723
0.15618463535884305,1.7075,2.0095448455802843e+19,2,8.496948967102723
0.15802210165718242,1.8224999999999998,2.144887543818488e+19,2,8.496948967102723
0.15985956795552178,1.805,2.124291915825718e+19,2,8.496948967102723
0.16169703425386106,1.8099999999999998,2.1301763809665094e+19,2,8.496948967102723
0.16353450055220042,1.8299999999999998,2.153714241529675e+19,2,8.496948967102723
0.1653719668505397,1.7799999999999998,2.0948695901217604e+19,2,8.496948967102723
0.16720943314887907,1.775,2.088985124980969e+19,2,8.496948967102723
0.16904689944721843,1.795,2.112522985544135e+19,2,8.496948967102723
0.1708843657455577,1.8350000000000002,2.159598706670467e+19,2,8.496948967102723
0.17272183204389707,1.795,2.112522985544135e+19,2,8.496948967102723
0.17455929834223635,1.755,2.0654472644178035e+19,2,8.496948967102723
0.17639676464057572,1.6400000000000001,1.9301045661796e+19,2,8.496948967102723
0.17823423093891508,1.5699999999999998,1.847722054208519e+19,2,8.496948967102723
0.18007169723725436,1.565,1.8418375890677277e+19,2,8.496948967102723
0.18190916353559372,1.625,1.9124511707572253e+19,2,8.496948967102723
0.183746629833933,1.5899999999999999,1.871259914771685e+19,2,8.496948967102723
0.1855840961322723,1.495,1.7594550770966475e+19,2,8.496948967102723
0.18742156243061164,1.545,1.8182997285045619e+19,2,8.496948967102723
0.18925902872895095,1.54,1.8124152633637706e+19,2,8.496948967102723
0.19109649502729031,1.48,1.741801681674273e+19,2,8.496948967102723
0.19293396132562965,1.52,1.7888774028006046e+19,2,8.496948967102723
0.19477142762396896,1.4849999999999999,1.7476861468150643e+19,2,8.496948967102723
0.1966088939223083,1.46,1.718263821111107e+19,2,8.496948967102723
0.1984463602206476,1.4325,1.6858992628367542e+19,2,8.496948967102723
0.20028382651898696,1.4025,1.6505924719920054e+19,2,8.496948967102723
0.2021212928173263,1.4175,1.6682458674143797e+19,2,8.496948967102723
0.2039587591156656,1.4275,1.6800147976959625e+19,2,8.496948967102723
0.20579622541400497,1.3925,1.6388235417104224e+19,2,8.496948967102723
0.20763369171234425,1.3775,1.621170146288048e+19,2,8.496948967102723
0.2094711580106836,1.3875000000000002,1.6329390765696311e+19,2,8.496948967102723
0.21130862430902295,1.3575,1.5976322857248821e+19,2,8.496948967102723
0.21314609060736225,1.3775,1.621170146288048e+19,2,8.496948967102723
0.21498355690570162,1.3725,1.6152856811472566e+19,2,8.496948967102723
0.2168210232040409,1.2925,1.521134238894593e+19,2,8.496948967102723
0.21865848950238026,1.285,1.5123075411834059e+19,2,8.496948967102723
0.22049595580071962,1.2799999999999998,1.5064230760426142e+19,2,8.496948967102723
0.2223334220990589,1.2799999999999998,1.5064230760426142e+19,2,8.496948967102723
0.22417088839739827,1.24,1.4593473549162828e+19,2,8.496948967102723
0.22600835469573755,1.2550000000000001,1.4770007503386573e+19,2,8.496948967102723
0.2278458209940769,1.29,1.5181920063241974e+19,2,8.496948967102723
0.22968328729241627,1.2,1.412271633789951e+19,2,8.496948967102723
0.23152075359075555,1.1400000000000001,1.3416580521004536e+19,2,8.496948967102723
0.23335821988909491,1.175,1.3828493080859937e+19,2,8.496948967102723
0.2351956861874342,1.185,1.3946182383675767e+19,2,8.496948967102723
0.23703315248577356,1.145,1.3475425172412449e+19,2,8.496948967102723
0.23887061878411292,0.9549999999999998,1.1239328418911693e+19,2,8.496948967102723
0.2407080850824522,0.9299999999999999,1.094510516187212e+19,2,8.496948967102723
0.24254555138079156,0.9550000000000001,1.1239328418911695e+19,2,8.496948967102723
0.24438301767913084,0.99,1.1651240978767096e+19,2,8.496948967102723
0.2462204839774702,0.9299999999999999,1.094510516187212e+19,2,8.496948967102723
0.24805795027580957,0.9199999999999999,1.082741585905629e+19,2,8.496948967102723
0.24989541657414885,0.8,9.41514422526634e+18,2,8.496948967102723
0.2517328828724882,0.79,9.297454922450512e+18,2,8.496948967102723
0.2535703491708275,0.7849999999999999,9.238610271042595e+18,2,8.496948967102723
0.25540781546916685,0.7750000000000001,9.120920968226769e+18,2,8.496948967102723
0.2572452817675062,0.76,8.944387014003023e+18,2,8.496948967102723
0.2590827480658455,0.7550000000000001,8.88554236259511e+18,2,8.496948967102723
0.26092021436418483,0.6900000000000001,8.120561894292219e+18,2,8.496948967102723
0.26275768066252414,0.65,7.649804683028902e+18,2,8.496948967102723
0.2645951469608635,0.6575,7.738071660140773e+18,2,8.496948967102723
0.26643261325920287,0.6425000000000001,7.56153770591703e+18,2,8.496948967102723
0.2682700795575422,0.6225,7.326159100285371e+18,2,8.496948967102723
0.2701075458558815,0.6074999999999999,7.149625146061626e+18,2,8.496948967102723
0.2719450121542208,0.5875,6.914246540429968e+18,2,8.496948967102723
0.27378247845256015,0.5625,6.620023283390395e+18,2,8.496948967102723
0.2756199447508995,0.5325,6.266955374942907e+18,2,8.496948967102723
0.2774574110492388,0.5225,6.149266072127078e+18,2,8.496948967102723
0.2792948773475782,0.5075000000000001,5.972732117903335e+18,2,8.496948967102723
0.28113234364591744,0.5025000000000001,5.91388746649542e+18,2,8.496948967102723
0.2829698099442568,0.5125000000000001,6.03157676931125e+18,2,8.496948967102723
0.28480727624259616,0.5125000000000001,6.03157676931125e+18,2,8.496948967102723
0.28664474254093547,0.5325,6.266955374942907e+18,2,8.496948967102723
0.28848220883927483,0.5725,6.737712586206224e+18,2,8.496948967102723
0.2903196751376141,0.5725,6.737712586206224e+18,2,8.496948967102723
0.29215714143595345,0.5725,6.737712586206224e+18,2,8.496948967102723
0.2939946077342928,0.58,6.825979563318096e+18,2,8.496948967102723
0.2958320740326321,0.5899999999999999,6.943668866133924e+18,2,8.496948967102723
0.2976695403309715,0.5999999999999999,7.061358168949754e+18,2,8.496948967102723
0.29950700662931073,0.615,7.237892123173499e+18,2,8.496948967102723
0.3013444729276501,0.615,7.237892123173499e+18,2,8.496948967102723
0.30318193922598946,0.615,7.237892123173499e+18,2,8.496948967102723
0.30501940552432877,0.6549999999999999,7.708649334436815e+18,2,8.496948967102723
0.30685687182266813,0.6399999999999999,7.532115380213071e+18,2,8.496948967102723
0.3086943381210074,0.645,7.590960031620987e+18,2,8.496948967102723
0.31053180441934675,0.665,7.826338637252646e+18,2,8.496948967102723
0.3123692707176861,0.655,7.708649334436817e+18,2,8.496948967102723
0.3142067370160254,0.6599999999999999,7.76749398584473e+18,2,8.496948967102723
0.3160442033143648,0.6699999999999999,7.885183288660559e+18,2,8.496948967102723
0.31788166961270403,0.6699999999999999,7.885183288660559e+18,2,8.496948967102723
0.3197191359110434,0.6699999999999999,7.885183288660559e+18,2,8.496948967102723
0.32155660220938276,0.6799999999999999,8.002872591476389e+18,2,8.496948967102723
0.32339406850772207,0.69,8.120561894292218e+18,2,8.496948967102723
0.32523153480606143,0.6825,8.032294917180346e+18,2,8.496948967102723
0.3270690011044007,0.6925,8.149984219996175e+18,2,8.496948967102723
0.32890646740274004,0.7175,8.444207477035749e+18,2,8.496948967102723
0.3307439337010794,0.7175,8.444207477035749e+18,2,8.496948967102723
0.3325813999994187,0.7275,8.561896779851578e+18,2,8.496948967102723
0.3344188662977581,0.7325,8.620741431259493e+18,2,8.496948967102723
0.33625633259609733,0.7275,8.561896779851578e+18,2,8.496948967102723
0.3380937988944367,0.7275,8.561896779851578e+18,2,8.496948967102723
0.33993126519277606,0.7474999999999999,8.797275385483236e+18,2,8.496948967102723
0.34176873149111536,0.7374999999999999,8.679586082667406e+18,2,8.496948967102723
0.3436061977894547,0.7525,8.85612003689115e+18,2,8.496948967102723
0.345443664087794,0.7425,8.738430734075322e+18,2,8.496948967102723
0.34728113038613334,0.7675000000000001,9.032653991114896e+18,2,8.496948967102723
0.3491185966844727,0.7775000000000001,9.150343293930725e+18,2,8.496948967102723
0.350956062982812,0.79,9.297454922450512e+18,2,8.496948967102723
0.3527935292811514,0.8350000000000001,9.827056785121743e+18,2,8.496948967102723
0.3546309955794906,0.86,1.0121280042161316e+19,2,8.496948967102723
0.35646846187783,0.87,1.0238969344977146e+19,2,8.496948967102723
0.35830592817616935,0.89,1.0474347950608804e+19,2,8.496948967102723
0.36014339447450866,0.9099999999999999,1.0709726556240462e+19,2,8.496948967102723
0.361980860772848,0.95,1.1180483767503778e+19,2,8.496948967102723
0.3638183270711873,0.99,1.1651240978767096e+19,2,8.496948967102723
0.36565579336952664,1.005,1.1827774932990839e+19,2,8.496948967102723
0.367493259667866,1.03,1.2121998190030414e+19,2,8.496948967102723
0.3693307259662053,1.0474999999999999,1.2327954469958113e+19,2,8.496948967102723
0.37116819226454467,0.8825000000000001,1.0386080973496932e+19,2,8.496948967102723
0.373005658562884,0.7675000000000001,9.032653991114896e+18,2,8.496948967102723
0.3748431248612233,0.7424999999999999,8.738430734075321e+18,2,8.496948967102723
0.37668059115956265,0.7075,8.326518174219919e+18,2,8.496948967102723
0.37851805745790196,0.6875,8.091139568588261e+18,2,8.496948967102723
0.3803555237562413,0.5675,6.67886793479831e+18,2,8.496948967102723
0.38219299005458063,0.47750000000000004,5.619664209455847e+18,2,8.496948967102723
0.38403045635291994,0.47750000000000004,5.619664209455847e+18,2,8.496948967102723
0.3858679226512593,0.4825,5.678508860863761e+18,2,8.496948967102723
0.3877053889495986,0.4375,5.148906998192529e+18,2,8.496948967102723
0.38954285524793797,0.3225,3.7954800158104934e+18,2,8.496948967102723
0.39138032154627733,0.3225,3.7954800158104934e+18,2,8.496948967102723
0.3932177878446166,0.29250000000000004,3.442412107363006e+18,2,8.496948967102723
0.39505525414295595,0.29250000000000004,3.442412107363006e+18,2,8.496948967102723
0.39689272044129525,0.29250000000000004,3.442412107363006e+18,2,8.496948967102723
0.3987301867396346,0.2625,3.089344198915518e+18,2,8.496948967102723
0.400567653037974,0.22250000000000003,2.6185869876522015e+18,2,8.496948967102723
0.40240511933631323,0.22250000000000003,2.6185869876522015e+18,2,8.496948967102723
0.4042425856346526,0.2775,3.265878153139262e+18,2,8.496948967102723
0.4060800519329919,0.3075,3.6189460615867494e+18,2,8.496948967102723
0.40791751823133127,0.3275,3.8543246672184084e+18,2,8.496948967102723
0.40975498452967063,0.35750000000000004,4.2073925756658964e+18,2,8.496948967102723
0.41159245082800994,0.42000000000000004,4.942950718264829e+18,2,8.496948967102723
0.41342991712634924,0.43500000000000005,5.119484672488573e+18,2,8.496948967102723
0.41526738342468855,0.455,5.354863278120231e+18,2,8.496948967102723
0.4171048497230279,0.48500000000000004,5.707931186567719e+18,2,8.496948967102723
0.4189423160213673,0.505,5.943309792199377e+18,2,8.496948967102723
0.4207797823197066,0.5,5.884465140791463e+18,2,8.496948967102723
0.4226172486180459,0.515,6.060999095015207e+18,2,8.496948967102723
0.4244547149163852,0.5800000000000001,6.825979563318098e+18,2,8.496948967102723
0.42629218121472456,0.645,7.590960031620987e+18,2,8.496948967102723
0.4281296475130639,0.675,7.944027940068475e+18,2,8.496948967102723
0.42996711381140323,0.6900000000000001,8.120561894292219e+18,2,8.496948967102723
0.43180458010974254,0.7200000000000001,8.473629802739707e+18,2,8.496948967102723
0.43364204640808185,0.765,9.003231665410938e+18,2,8.496948967102723
0.4354795127064212,0.775,9.120920968226768e+18,2,8.496948967102723
0.4373169790047606,0.915,1.0768571207648377e+19,2,8.496948967102723
0.4391544453030999,0.9550000000000001,1.1239328418911695e+19,2,8.496948967102723
0.44099191160143925,1.065,1.2533910749885815e+19,2,8.496948967102723
0.44282937789977855,1.105,1.3004667961149133e+19,2,8.496948967102723
0.44466684419811786,1.165,1.3710803778044109e+19,2,8.496948967102723
0.44650431049645717,1.165,1.3710803778044109e+19,2,8.496948967102723
0.44834177679479653,1.225,1.4416939594939085e+19,2,8.496948967102723
0.4501792430931359,1.235,1.4534628897754915e+19,2,8.496948967102723
0.4520167093914752,1.255,1.477000750338657e+19,2,8.496948967102723
0.4538541756898145,1.265,1.4887696806202399e+19,2,8.496948967102723
0.4556916419881538,1.2999999999999998,1.5299609366057802e+19,2,8.496948967102723
0.4575291082864932,1.285,1.5123075411834059e+19,2,8.496948967102723
0.45936657458483254,1.295,1.5240764714649887e+19,2,8.496948967102723
0.46120404088317185,1.305,1.5358454017465717e+19,2,8.496948967102723
0.46304150718151116,1.29,1.5181920063241974e+19,2,8.496948967102723
0.46487897347985047,1.315,1.5476143320281547e+19,2,8.496948967102723
0.46671643977818983,1.3,1.5299609366057804e+19,2,8.496948967102723
0.4685539060765292,1.3199999999999998,1.553498797168946e+19,2,8.496948967102723
0.4703913723748685,1.31,1.5417298668873634e+19,2,8.496948967102723
0.4722288386732078,1.31,1.5417298668873634e+19,2,8.496948967102723
0.4740663049715471,1.2975,1.5270187040353847e+19,2,8.496948967102723
0.4759037712698865,1.2875,1.5152497737538017e+19,2,8.496948967102723
0.47774123756822584,1.2875,1.5152497737538017e+19,2,8.496948967102723
0.4795787038665652,1.2925,1.521134238894593e+19,2,8.496948967102723
0.48141617016490446,1.2625000000000002,1.4858274480498444e+19,2,8.496948967102723
0.48325363646324376,1.2325000000000002,1.4505206572050956e+19,2,8.496948967102723
0.4850911027615831,1.1575,1.3622536800932235e+19,2,8.496948967102723
0.4869285690599225,1.1,1.294582330974122e+19,2,8.496948967102723
0.48876603535826185,1.085,1.2769289355517473e+19,2,8.496948967102723
0.4906035016566011,1.055,1.2416221447069985e+19,2,8.496948967102723
0.4924409679549404,1.02,1.2004308887214584e+19,2,8.496948967102723
0.4942784342532798,1.0,1.1768930281582926e+19,2,8.496948967102723
0.49611590055161914,0.96,1.1298173070319608e+19,2,8.496948967102723
0.4979533668499585,0.9450000000000001,1.1121639116095865e+19,2,8.496948967102723
0.49979083314829775,0.85,1.0003590739345486e+19,2,8.496948967102723
0.501628299446637,0.78,9.179765619634682e+18,2,8.496948967102723
0.5034657657449764,0.7050000000000001,8.297095848515963e+18,2,8.496948967102723
0.5053032320433157,0.615,7.237892123173499e+18,2,8.496948967102723
0.5071406983416551,0.5800000000000001,6.825979563318098e+18,2,8.496948967102723
0.5089781646399945,0.555,6.531756306278524e+18,2,8.496948967102723
0.5108156309383337,0.52,6.119843746423121e+18,2,8.496948967102723
0.5126530972366731,0.455,5.354863278120231e+18,2,8.496948967102723
0.5144905635350124,0.445,5.237173975304402e+18,2,8.496948967102723
0.5163280298333518,0.465,5.472552580936061e+18,2,8.496948967102723
0.518165496131691,0.41000000000000003,4.825261415449e+18,2,8.496948967102723
0.5200029624300304,0.455,5.354863278120231e+18,2,8.496948967102723
0.5218404287283697,0.395,4.648727461225256e+18,2,8.496948967102723
0.523677895026709,0.41500000000000004,4.884106066856914e+18,2,8.496948967102723
0.5255153613250484,0.46,5.413707929528146e+18,2,8.496948967102723
0.5273528276233878,0.45,5.296018626712317e+18,2,8.496948967102723
0.529190293921727,0.47000000000000003,5.531397232343975e+18,2,8.496948967102723
0.5310277602200664,0.465,5.472552580936061e+18,2,8.496948967102723
0.5328652265184057,0.43500000000000005,5.119484672488573e+18,2,8.496948967102723
0.5347026928167451,0.4275,5.0312176953767e+18,2,8.496948967102723
0.5365401591150843,0.4175,4.913528392560871e+18,2,8.496948967102723
0.5383776254134237,0.4175,4.913528392560871e+18,2,8.496948967102723
0.540215091711763,0.37750000000000006,4.442771181297555e+18,2,8.496948967102723
0.5420525580101023,0.39749999999999996,4.678149786929212e+18,2,8.496948967102723
0.5438900243084417,0.41750000000000004,4.913528392560871e+18,2,8.496948967102723
0.545727490606781,0.4225,4.972373043968785e+18,2,8.496948967102723
0.5475649569051203,0.4675,5.501974906640017e+18,2,8.496948967102723
0.5494024232034597,0.5075000000000001,5.972732117903335e+18,2,8.496948967102723
0.551239889501799,0.5275000000000001,6.208110723534994e+18,2,8.496948967102723
0.5530773558001384,0.6625000000000001,7.796916311548689e+18,2,8.496948967102723
0.5549148220984776,0.735,8.65016375696345e+18,2,8.496948967102723
0.556752288396817,0.8049999999999999,9.473988876674255e+18,2,8.496948967102723
0.5585897546951564,0.7699999999999999,9.062076316818852e+18,2,8.496948967102723
0.5604272209934956,0.735,8.65016375696345e+18,2,8.496948967102723
0.562264687291835,0.6649999999999999,7.826338637252645e+18,2,8.496948967102723
0.5641021535901743,0.6649999999999999,7.826338637252645e+18,2,8.496948967102723
0.5659396198885136,0.6749999999999999,7.944027940068474e+18,2,8.496948967102723
0.567777086186853,0.735,8.65016375696345e+18,2,8.496948967102723
0.5696145524851923,0.7849999999999999,9.238610271042595e+18,2,8.496948967102723
0.5714520187835317,0.85,1.0003590739345486e+19,2,8.496948967102723
0.5732894850818709,0.895,1.0533192602016719e+19,2,8.496948967102723
0.5751269513802103,0.87,1.0238969344977146e+19,2,8.496948967102723
0.5769644176785497,0.9950000000000001,1.1710085630175013e+19,2,8.496948967102723
0.5788018839768889,1.065,1.2533910749885815e+19,2,8.496948967102723
0.5806393502752283,1.105,1.3004667961149133e+19,2,8.496948967102723
0.5824768165735676,1.185,1.3946182383675767e+19,2,8.496948967102723
0.5843142828719069,1.13,1.3298891218188704e+19,2,8.496948967102723
0.5861517491702463,1.09,1.282813400692539e+19,2,8.496948967102723
0.5879892154685856,1.07,1.259275540129373e+19,2,8.496948967102723
0.589826681766925,1.1700000000000002,1.3769648429452024e+19,2,8.496948967102723
0.5916641480652644,1.25,1.4711162851978656e+19,2,8.496948967102723
0.5935016143636036,1.3050000000000002,1.5358454017465719e+19,2,8.496948967102723
0.595339080661943,1.2999999999999998,1.5299609366057802e+19,2,8.496948967102723
0.5971765469602823,1.245,1.4652318200570743e+19,2,8.496948967102723
0.5990140132586216,1.3450000000000002,1.5829211228729037e+19,2,8.496948967102723
0.6008514795569609,1.465,1.7241482862518987e+19,2,8.496948967102723
0.6026889458553002,1.3675,1.609401216006465e+19,2,8.496948967102723
0.6045264121536396,1.3524999999999998,1.5917478205840904e+19,2,8.496948967102723
0.6063638784519789,1.3375,1.5740944251617161e+19,2,8.496948967102723
0.6082013447503183,1.3725,1.6152856811472566e+19,2,8.496948967102723
0.6100388110486576,1.4125,1.6623614022735882e+19,2,8.496948967102723
0.6118762773469969,1.4775,1.7388594491038773e+19,2,8.496948967102723
0.6137137436453363,1.5425,1.8153574959341662e+19,2,8.496948967102723
0.6155512099436756,1.5675000000000001,1.8447798216381235e+19,2,8.496948967102723
0.6173886762420149,1.6075,1.891855542764455e+19,2,8.496948967102723
0.6192261425403542,1.5475,1.8212419610749577e+19,2,8.496948967102723
0.6210636088386935,1.6225,1.90950893818683e+19,2,8.496948967102723
0.6229010751370329,1.5725,1.850664286778915e+19,2,8.496948967102723
0.6247385414353722,1.6724999999999999,1.968353589594744e+19,2,8.496948967102723
0.6265760077337116,1.7275,2.0330827061434503e+19,2,8.496948967102723
0.628413474032051,1.7025,2.003660380439493e+19,2,8.496948967102723
0.6302509403303902,1.7725,2.0860428924105736e+19,2,8.496948967102723
0.6320884066287296,1.7575,2.0683894969881993e+19,2,8.496948967102723
0.6339258729270689,1.8125,2.1331186135369052e+19,2,8.496948967102723
0.6357633392254083,1.8575,2.186078799804028e+19,2,8.496948967102723
0.6376008055237475,1.9425,2.286114707197483e+19,2,8.496948967102723
0.6394382718220868,1.9224999999999999,2.2625768466343174e+19,2,8.496948967102723
0.6412757381204262,1.9224999999999999,2.2625768466343174e+19,2,8.496948967102723
0.6431132044187655,1.9325,2.2743457769159004e+19,2,8.496948967102723
0.6449506707171049,2.0375,2.3979195448725213e+19,2,8.496948967102723
0.6467881370154442,2.0075,2.362612754027772e+19,2,8.496948967102723
0.6486256033137835,1.8375,2.1625409392408625e+19,2,8.496948967102723
0.6504630696121229,1.8125,2.1331186135369052e+19,2,8.496948967102723
0.6523005359104622,1.8524999999999998,2.180194334663237e+19,2,8.496948967102723
0.6541380022088016,1.9575,2.3037681026198577e+19,2,8.496948967102723
0.6559754685071408,1.8275000000000001,2.15077200895928e+19,2,8.496948967102723
0.6578129348054801,1.8175,2.1390030786776965e+19,2,8.496948967102723
0.6596504011038195,1.8125,2.1331186135369052e+19,2,8.496948967102723
0.6614878674021588,1.8275000000000001,2.15077200895928e+19,2,8.496948967102723
0.6633253337004982,1.8275000000000001,2.15077200895928e+19,2,8.496948967102723
0.6651627999988375,1.885,2.2184433580783813e+19,2,8.496948967102723
0.6670002662971768,2.015,2.3714394517389595e+19,2,8.496948967102723
0.6688377325955162,2.015,2.3714394517389595e+19,2,8.496948967102723
0.6706751988938555,1.96,2.306710335190253e+19,2,8.496948967102723
0.6725126651921949,1.865,2.1949054975152157e+19,2,8.496948967102723
0.6743501314905342,1.7650000000000001,2.0772161946993865e+19,2,8.496948967102723
0.6761875977888734,1.65,1.9418734964611826e+19,2,8.496948967102723
0.6780250640872127,1.6124999999999998,1.8977400079052464e+19,2,8.496948967102723
0.6798625303855521,1.5325,1.8035885656525832e+19,2,8.496948967102723
0.6816999966838915,1.4175,1.6682458674143797e+19,2,8.496948967102723
0.6835374629822308,1.42,1.6711880999847754e+19,2,8.496948967102723
0.6853749292805701,1.32,1.5534987971689462e+19,2,8.496948967102723
0.6872123955789095,1.395,1.641765774280818e+19,2,8.496948967102723
0.6890498618772488,1.3650000000000002,1.6064589834360695e+19,2,8.496948967102723
0.6908873281755882,1.3399999999999999,1.5770366577321118e+19,2,8.496948967102723
0.6927247944739275,1.275,1.5005386109018229e+19,2,8.496948967102723
0.6945622607722667,1.35,1.588805588013695e+19,2,8.496948967102723
0.696399727070606,1.355,1.5946900531544863e+19,2,8.496948967102723
0.6982371933689454,1.4200000000000002,1.6711880999847756e+19,2,8.496948967102723
0.7000746596672848,1.3250000000000002,1.5593832623097379e+19,2,8.496948967102723
0.7019121259656241,1.36,1.600574518295278e+19,2,8.496948967102723
0.7037495922639634,1.31,1.5417298668873634e+19,2,8.496948967102723
0.7055870585623027,1.3,1.5299609366057804e+19,2,8.496948967102723
0.7074245248606421,1.2650000000000001,1.4887696806202403e+19,2,8.496948967102723
0.7092619911589815,1.2850000000000001,1.512307541183406e+19,2,8.496948967102723
0.7110994574573208,1.27,1.4946541457610316e+19,2,8.496948967102723
0.71293692375566,1.285,1.5123075411834059e+19,2,8.496948967102723
0.7147743900539993,1.3050000000000002,1.5358454017465719e+19,2,8.496948967102723
0.7166118563523387,1.2750000000000001,1.500538610901823e+19,2,8.496948967102723
0.7184493226506781,1.225,1.4416939594939085e+19,2,8.496948967102723
0.7202867889490174,1.155,1.3593114475228279e+19,2,8.496948967102723
0.7221242552473567,1.075,1.2651600052701645e+19,2,8.496948967102723
0.723961721545696,1.08,1.271044470410956e+19,2,8.496948967102723
0.7257991878440354,1.055,1.2416221447069985e+19,2,8.496948967102723
0.7276366541423748,1.02,1.2004308887214584e+19,2,8.496948967102723
0.7294741204407141,1.02,1.2004308887214584e+19,2,8.496948967102723
0.7313115867390533,1.06,1.2475066098477902e+19,2,8.496948967102723
0.7331490530373926,0.9975,1.173950795587897e+19,2,8.496948967102723
0.734986519335732,0.9875,1.162181865306314e+19,2,8.496948967102723
