temperature_k,electrical_conductance_per_area_s_m^-2,electronic_thermal_conductance_per_area_w_k^-1_m^-2,chemical_potential_ev,transmission_direction,area_angstrom^2
50.0,83477578740726.16,208956704.15877607,0.0,2,8.496948967102723
51.75879396984924,86072214803241.9,223969775.92679217,0.0,2,8.496948967102723
53.517587939698494,88735047784552.25,239378182.60624748,0.0,2,8.496948967102723
55.27638190954774,91461149042588.83,255180052.75101385,0.0,2,8.496948967102723
57.03517587939699,94245704406174.34,271377552.5624494,0.0,2,8.496948967102723
58.79396984924623,97084048548678.06,287976387.4643143,0.0,2,8.496948967102723
60.552763819095475,99971690778441.23,304985285.04082114,0.0,2,8.496948967102723
62.311557788944725,102904333454621.0,322415481.4019363,0.0,2,8.496948967102723
64.07035175879398,105877884163558.8,340280226.4589554,0.0,2,8.496948967102723
65.82914572864321,108888462695969.95,358594318.3342089,0.0,2,8.496948967102723
67.58793969849246,111932403759731.2,377373673.0786205,0.0,2,8.496948967102723
69.34673366834171,115006256254382.19,396634932.8590681,0.0,2,8.496948967102723
71.10552763819095,118106779826914.2,416395113.61678874,0.0,2,8.496948967102723
72.8643216080402,121230939327454.8,436671291.70911974,0.0,2,8.496948967102723
74.62311557788945,124375897690180.48,457480328.0710211,0.0,2,8.496948967102723
76.3819095477387,127539007680337.38,478838627.8370843,0.0,2,8.496948967102723
78.14070351758794,130717802873013.97,500761933.0420665,0.0,2,8.496948967102723
79.89949748743719,133909988163223.42,523265145.88501763,0.0,2,8.496948967102723
81.65829145728644,137113430049492.19,546362180.0357709,0.0,2,8.496948967102723
83.41708542713567,140326146883911.94,570065837.5365487,0.0,2,8.496948967102723
85.17587939698493,143546299239758.1,594387708.9725446,0.0,2,8.496948967102723
86.93467336683418,146772180512547.22,619338094.7304893,0.0,2,8.496948967102723
88.69346733668343,150002207841022.53,644925945.318088,0.0,2,8.496948967102723
90.45226130653266,153234913410277.44,671158818.8699139,0.0,2,8.496948967102723
92.21105527638191,156468936179362.56,698042854.1110896,0.0,2,8.496948967102723
93.96984924623115,159703014059637.1,725582757.1857717,0.0,2,8.496948967102723
95.7286432160804,162935976557248.53,753781800.8818928,0.0,2,8.496948967102723
97.48743718592965,166166737882955.84,782641834.8967102,0.0,2,8.496948967102723
99.2462311557789,169394290524600.78,812163305.890222,0.0,2,8.496948967102723
101.00502512562815,172617699271501.8,842345286.1663959,0.0,2,8.496948967102723
102.76381909547739,175836095675562.75,873185509.9067011,0.0,2,8.496948967102723
104.52261306532664,179048672930667.4,904680415.9577682,0.0,2,8.496948967102723
106.28140703517587,182254681149739.66,936825196.246332,0.0,2,8.496948967102723
108.04020100502512,185453423017480.3,969613848.9608588,0.0,2,8.496948967102723
109.79899497487438,188644249796075.53,1003039235.7013211,0.0,2,8.496948967102723
111.55778894472363,191826557660975.06,1037093141.8571247,0.0,2,8.496948967102723
113.31658291457288,194999784344036.4,1071766339.5287822,0.0,2,8.496948967102723
115.07537688442211,198163406061834.84,1107048652.361907,0.0,2,8.496948967102723
116.83417085427136,201316934707664.2,1142929021.712885,0.0,2,8.496948967102723
118.5929648241206,204459915286643.8,1179395573.614278,0.0,2,8.496948967102723
120.35175879396985,207591923574347.47,1216435686.0547612,0.0,2,8.496948967102723
122.1105527638191,210712563980434.2,1254036056.1333218,0.0,2,8.496948967102723
123.86934673366835,213821467599872.3,1292182766.6905503,0.0,2,8.496948967102723
125.62814070351759,216918290435461.6,1330861352.0610607,0.0,2,8.496948967102723
127.38693467336684,220002711776469.7,1370056862.630505,0.0,2,8.496948967102723
129.1457286432161,223074432719286.0,1409753927.9181535,0.0,2,8.496948967102723
130.90452261306532,226133174817049.75,1449936817.941585,0.0,2,8.496948967102723
132.66331658291458,229178678846220.12,1490589502.6537123,0.0,2,8.496948967102723
134.42211055276383,232210703679019.97,1531695709.273981,0.0,2,8.496948967102723
136.18090452261305,235229025251599.03,1573238977.3653147,0.0,2,8.496948967102723
137.9396984924623,238233435618623.97,1615202711.536066,0.0,2,8.496948967102723
139.69849246231155,241223742085806.7,1657570231.6718984,0.0,2,8.496948967102723
141.4572864321608,244199766412640.3,1700324820.626335,0.0,2,8.496948967102723
143.21608040201005,247161344078310.3,1743449769.3204968,0.0,2,8.496948967102723
144.9748743718593,250108323604402.25,1786928419.2225165,0.0,2,8.496948967102723
146.73366834170855,253040565928626.9,1830744202.1951842,0.0,2,8.496948967102723
148.4924623115578,255957943824339.38,1874880677.7167854,0.0,2,8.496948967102723
150.25125628140705,258860341361141.94,1919321567.494687,0.0,2,8.496948967102723
152.0100502512563,261747653402323.6,1964050787.5042562,0.0,2,8.496948967102723
153.76884422110552,264619785135325.5,2009052477.4972198,0.0,2,8.496948967102723
155.52763819095478,267476651631807.28,2054311028.0335507,0.0,2,8.496948967102723
157.28643216080403,270318177434250.38,2099811105.0996425,0.0,2,8.496948967102723
159.04522613065328,273144296166359.5,2145537672.382937,0.0,2,8.496948967102723
160.8040201005025,275954950164818.56,2191476011.279333,0.0,2,8.496948967102723
162.56281407035175,278750090130224.5,2237611738.7147694,0.0,2,8.496948967102723
164.321608040201,281529674795266.3,2283930822.866486,0.0,2,8.496948967102723
166.08040201005025,284293670608435.75,2330419596.8725824,0.0,2,8.496948967102723
167.8391959798995,287042051431750.2,2377064770.6207485,0.0,2,8.496948967102723
169.59798994974875,289774798251151.8,2423853440.7086053,0.0,2,8.496948967102723
171.356783919598,292491898898399.3,2470773098.6688886,0.0,2,8.496948967102723
173.11557788944725,295193347783417.3,2517811637.5528846,0.0,2,8.496948967102723
174.8743718592965,297879145636191.94,2564957356.965217,0.0,2,8.496948967102723
176.63316582914575,300549299257418.56,2612198966.6422033,0.0,2,8.496948967102723
178.39195979899498,303203821277204.25,2659525588.664708,0.0,2,8.496948967102723
180.15075376884423,305842729921223.8,2706926758.3948436,0.0,2,8.496948967102723
181.90954773869348,308466048783801.2,2754392424.223799,0.0,2,8.496948967102723
183.66834170854273,311073806607462.6,2801912946.2159123,0.0,2,8.496948967102723
185.42713567839198,313666037068569.8,2849479093.731615,0.0,2,8.496948967102723
187.1859296482412,316242778568693.0,2897082042.1091914,0.0,2,8.496948967102723
188.94472361809045,318804074031434.5,2944713368.482529,0.0,2,8.496948967102723
190.7035175879397,321349970704450.9,2992365046.8090787,0.0,2,8.496948967102723
192.46231155778895,323880519966463.44,3040029442.1792703,0.0,2,8.496948967102723
194.2211055276382,326395777139072.5,3087699304.475537,0.0,2,8.496948967102723
195.97989949748745,328895801303220.06,3135367761.4460125,0.0,2,8.496948967102723
197.7386934673367,331380655120167.8,3183028311.254829,0.0,2,8.496948967102723
199.49748743718592,333850404656878.4,3230674814.567899,0.0,2,8.496948967102723
201.25628140703517,336305119215701.0,3278301486.2299232,0.0,2,8.496948967102723
203.01507537688443,338744871168279.06,3325902886.5853086,0.0,2,8.496948967102723
204.77386934673368,341169735793607.25,3373473912.492789,0.0,2,8.496948967102723
206.53266331658293,343579791120176.94,3421009788.080496,0.0,2,8.496948967102723
208.29145728643218,345975117772150.75,3468506055.2854285,0.0,2,8.496948967102723
210.0502512562814,348355798819522.2,3515958564.218471,0.0,2,8.496948967102723
211.80904522613065,350721919632210.8,3563363463.393443,0.0,2,8.496948967102723
213.5678391959799,353073567738053.9,3610717189.855989,0.0,2,8.496948967102723
215.32663316582915,355410832684654.75,3658016459.245681,0.0,2,8.496948967102723
217.0854271356784,357733805905051.56,3705258255.822244,0.0,2,8.496948967102723
218.84422110552765,360042580587166.94,3752439822.484491,0.0,2,8.496948967102723
220.6030150753769,362337251547005.06,3799558650.808353,0.0,2,8.496948967102723
222.36180904522612,364617915105558.2,3846612471.128286,0.0,2,8.496948967102723
224.12060301507537,366884668969385.1,3893599242.6842437,0.0,2,8.496948967102723
225.87939698492463,369137612114823.0,3940517143.854549,0.0,2,8.496948967102723
227.63819095477388,371376844675795.06,3987364562.493177,0.0,2,8.496948967102723
229.39698492462313,373602467835169.94,4034140086.388136,0.0,2,8.496948967102723
231.15577889447238,375814583719633.7,4080842493.8561215,0.0,2,8.496948967102723
232.91457286432163,378013295298028.4,4127470744.486986,0.0,2,8.496948967102723
234.67336683417085,380198706283111.6,4174023970.0501237,0.0,2,8.496948967102723
236.4321608040201,382370921036692.06,4220501465.5735197,0.0,2,8.496948967102723
238.19095477386935,384530044478088.2,4266902680.604927,0.0,2,8.496948967102723
239.9497487437186,386676181995863.44,4313227210.663361,0.0,2,8.496948967102723
241.70854271356785,388809439362783.94,4359474788.888099,0.0,2,8.496948967102723
243.4673366834171,390929922653944.94,4405645277.891157,0.0,2,8.496948967102723
245.22613065326635,393037738168013.44,4451738661.818363,0.0,2,8.496948967102723
246.98492462311557,395132992351527.0,4497755038.62316,0.0,2,8.496948967102723
248.74371859296483,397215791726196.56,4543694612.556442,0.0,2,8.496948967102723
250.50251256281408,399286242819149.44,4589557686.874914,0.0,2,8.496948967102723
252.26130653266333,401344452096059.3,4635344656.769787,0.0,2,8.496948967102723
254.02010050251258,403390525897096.4,4681056002.516846,0.0,2,8.496948967102723
255.77889447236183,405424570375644.0,4726692282.848483,0.0,2,8.496948967102723
257.53768844221105,407446691439715.3,4772254128.547442,0.0,2,8.496948967102723
259.2964824120603,409456994696010.4,4817742236.26183,0.0,2,8.496948967102723
261.05527638190955,411455585396551.8,4863157362.540169,0.0,2,8.496948967102723
262.8140703517588,413442568387835.5,4908500318.085015,0.0,2,8.496948967102723
264.57286432160805,415418048062436.3,4953771962.223234,0.0,2,8.496948967102723
266.3316582914573,417382128313002.7,4998973197.590589,0.0,2,8.496948967102723
268.09045226130655,419334912488581.6,5044104965.028063,0.0,2,8.496948967102723
269.8492462311558,421276503353209.44,5089168238.6870365,0.0,2,8.496948967102723
271.608040201005,423207003046707.9,5134164021.340111,0.0,2,8.496948967102723
273.3668341708543,425126513047622.44,5179093339.894212,0.0,2,8.496948967102723
275.1256281407035,427035134138242.8,5223957241.102375,0.0,2,8.496948967102723
276.8844221105528,428932966371645.3,5268756787.470455,0.0,2,8.496948967102723
278.643216080402,430820109040695.94,5313493053.354767,0.0,2,8.496948967102723
280.4020100502513,432696660648956.4,5358167121.246714,0.0,2,8.496948967102723
282.1608040201005,434562718883430.6,5402780078.2400875,0.0,2,8.496948967102723
283.91959798994975,436418380589099.75,5447333012.676872,0.0,2,8.496948967102723
285.678391959799,438263741745182.4,5491827010.967199,0.0,2,8.496948967102723
287.43718592964825,440098897443068.0,5536263154.578983,0.0,2,8.496948967102723
289.1959798994975,441923941865864.7,5580642517.192867,0.0,2,8.496948967102723
290.95477386934675,443738968269510.3,5624966162.017943,0.0,2,8.496948967102723
292.713567839196,445544068965389.06,5669235139.26378,0.0,2,8.496948967102723
294.4723618090452,447339335304405.1,5713450483.764227,0.0,2,8.496948967102723
296.2311557788945,449124857662458.9,5757613212.748521,0.0,2,8.496948967102723
297.9899497487437,450900725427274.3,5801724323.755146,0.0,2,8.496948967102723
299.748743718593,452667026986532.3,5845784792.684079,0.0,2,8.496948967102723
301.5075376884422,454423849717255.06,5889795571.982849,0.0,2,8.496948967102723
303.2663316582915,456171279976400.3,5933757588.962152,0.0,2,8.496948967102723
305.0251256281407,457909403092612.9,5977671744.236519,0.0,2,8.496948967102723
306.78391959798995,459638303359093.6,6021538910.285872,0.0,2,8.496948967102723
308.5427135678392,461358064027536.94,6065359930.133598,0.0,2,8.496948967102723
310.30150753768845,463068767303096.75,6109135616.136986,0.0,2,8.496948967102723
312.0603015075377,464770494340336.75,6152866748.88597,0.0,2,8.496948967102723
313.81909547738695,466463325240124.06,6196554076.205967,0.0,2,8.496948967102723
315.5778894472362,468147339047428.06,6240198312.260953,0.0,2,8.496948967102723
317.33668341708545,469822613749982.75,6283800136.752818,0.0,2,8.496948967102723
319.0954773869347,471489226277775.56,6327360194.213116,0.0,2,8.496948967102723
320.85427135678395,473147252503327.2,6370879093.383483,0.0,2,8.496948967102723
322.61306532663315,474796767242724.4,6414357406.68109,0.0,2,8.496948967102723
324.3718592964824,476437844257372.56,6457795669.745415,0.0,2,8.496948967102723
326.13065326633165,478070556256431.75,6501194381.062877,0.0,2,8.496948967102723
327.8894472361809,479694974899907.7,6544554001.6659775,0.0,2,8.496948967102723
329.64824120603015,481311170802361.4,6587874954.903395,0.0,2,8.496948967102723
331.4070351758794,482919213537207.94,6631157626.277968,0.0,2,8.496948967102723
333.16582914572865,484519171641575.8,6674402363.3492775,0.0,2,8.496948967102723
334.9246231155779,486111112621697.06,6717609475.697725,0.0,2,8.496948967102723
336.68341708542715,487695102958797.9,6760779234.94714,0.0,2,8.496948967102723
338.4422110552764,489271208115466.25,6803911874.842954,0.0,2,8.496948967102723
340.20100502512565,490839492542467.56,6847007591.3831005,0.0,2,8.496948967102723
341.9597989949749,492400019685983.8,6890066542.998852,0.0,2,8.496948967102723
343.71859296482415,493952851995250.44,6933088850.78297,0.0,2,8.496948967102723
345.4773869346734,495498050930570.75,6976074598.762503,0.0,2,8.496948967102723
347.2361809045226,497035676971678.8,7019023834.21372,0.0,2,8.496948967102723
348.99497487437185,498565789626434.8,7061936568.016801,0.0,2,8.496948967102723
350.7537688442211,500088447439827.75,7104812775.047809,0.0,2,8.496948967102723
352.51256281407035,501603708003266.0,7147652394.60576,0.0,2,8.496948967102723
354.2713567839196,503111627964135.25,7190455330.872525,0.0,2,8.496948967102723
356.03015075376885,504612263035606.44,7233221453.403435,0.0,2,8.496948967102723
357.7889447236181,506105668006671.5,7275950597.646509,0.0,2,8.496948967102723
359.54773869346735,507591896752394.44,7318642565.488367,0.0,2,8.496948967102723
361.3065326633166,509071002244355.3,7361297125.824845,0.0,2,8.496948967102723
363.06532663316585,510543036561273.6,7403914015.154474,0.0,2,8.496948967102723
364.8241206030151,512008050899795.94,7446492938.1930895,0.0,2,8.496948967102723
366.58291457286435,513466095585429.25,7489033568.507755,0.0,2,8.496948967102723
368.3417085427136,514917220083608.1,7531535549.168445,0.0,2,8.496948967102723
370.1005025125628,516361473010882.7,7573998493.415831,0.0,2,8.496948967102723
371.85929648241205,517798902146209.25,7616421985.343672,0.0,2,8.496948967102723
373.6180904522613,519229554442335.2,7658805580.594331,0.0,2,8.496948967102723
375.37688442211055,520653476037265.4,7701148807.065991,0.0,2,8.496948967102723
377.1356783919598,522070712265794.1,7743451165.63027,0.0,2,8.496948967102723
378.89447236180905,523481307671096.44,7785712130.858881,0.0,2,8.496948967102723
380.6532663316583,524885306016364.56,7827931151.758119,0.0,2,8.496948967102723
382.41206030150755,526282750296481.1,7870107652.509989,0.0,2,8.496948967102723
384.1708542713568,527673682749716.75,7912241033.218855,0.0,2,8.496948967102723
385.92964824120605,529058144869444.8,7954330670.66247,0.0,2,8.496948967102723
387.6884422110553,530436177415864.06,7996375919.046396,0.0,2,8.496948967102723
389.44723618090455,531807820427718.9,8038376110.7608385,0.0,2,8.496948967102723
391.2060301507538,533173113234010.4,8080330557.138862,0.0,2,8.496948967102723
392.96482412060305,534532094465689.4,8122238549.215212,0.0,2,8.496948967102723
394.72361809045225,535884802067325.4,8164099358.484779,0.0,2,8.496948967102723
396.4824120603015,537231273308743.56,8205912237.659952,0.0,2,8.496948967102723
398.24120603015075,538571544796621.4,8247676421.426076,0.0,2,8.496948967102723
400.0,539905652486041.7,8289391127.19425,0.0,2,8.496948967102723
