temperature_k,electrical_conductance_per_area_s_m^-2,electronic_thermal_conductance_per_area_w_k^-1_m^-2,chemical_potential_ev,transmission_direction,area_angstrom^2
50.0,407589052668517.1,463561592.9017101,0.0,2,33.98778712895642
51.75879396984924,406693334144237.94,481142413.04614645,0.0,2,33.98778712895642
53.517587939698494,405859560159366.0,498926226.94392383,0.0,2,33.98778712895642
55.27638190954774,405085886285753.8,516903191.5016163,0.0,2,33.98778712895642
57.03517587939699,404370345434011.9,535063087.4184218,0.0,2,33.98778712895642
58.79396984924623,403710876686336.1,553395548.8482915,0.0,2,33.98778712895642
60.552763819095475,403105351395784.44,571890247.5645784,0.0,2,33.98778712895642
62.311557788944725,402551596578838.9,590537038.4105363,0.0,2,33.98778712895642
64.07035175879398,402047415672019.56,609326072.3135201,0.0,2,33.98778712895642
65.82914572864321,401590606759782.5,628247882.4499754,0.0,2,33.98778712895642
67.58793969849246,401178978409049.2,647293448.390987,0.0,2,33.98778712895642
69.34673366834171,400810363265648.6,666454242.3109651,0.0,2,33.98778712895642
71.10552763819095,400482629580548.2,685722260.6507547,0.0,2,33.98778712895642
72.8643216080402,400193690840080.94,705090044.0146428,0.0,2,33.98778712895642
74.62311557788945,399941513675569.8,724550687.5571238,0.0,2,33.98778712895642
76.3819095477387,399724124224900.94,744097843.6788731,0.0,2,33.98778712895642
78.14070351758794,399539613112681.3,763725718.4955338,0.0,2,33.98778712895642
79.89949748743719,399386139207462.6,783429063.2580049,0.0,2,33.98778712895642
81.65829145728644,399261932304862.1,803203161.6781709,0.0,2,33.98778712895642
83.41708542713567,399165294874798.06,823043813.9388562,0.0,2,33.98778712895642
85.17587939698493,399094602999995.6,842947318.0313476,0.0,2,33.98778712895642
86.93467336683418,399048306621725.6,862910448.9594468,0.0,2,33.98778712895642
88.69346733668343,399024929197731.1,882930436.2684574,0.0,2,33.98778712895642
90.45226130653266,399023066866640.8,903004940.2946328,0.0,2,33.98778712895642
92.21105527638191,399041387203042.2,923132027.4807823,0.0,2,33.98778712895642
93.96984924623115,399078627637864.7,943310145.0631269,0.0,2,33.98778712895642
95.7286432160804,399133593609869.56,963538095.4004321,0.0,2,33.98778712895642
97.48743718592965,399205156505898.0,983815010.1868374,0.0,2,33.98778712895642
99.2462311557789,399292251440068.4,1004140324.7632779,0.0,2,33.98778712895642
101.00502512562815,399393874915366.9,1024513752.717966,0.0,2,33.98778712895642
102.76381909547739,399509082404974.7,1044935260.9435381,0.0,2,33.98778712895642
104.52261306532664,399636985885227.1,1065405045.2967614,0.0,2,33.98778712895642
106.28140703517587,399776751347228.6,1085923506.9860349,0.0,2,33.98778712895642
108.04020100502512,399927596309846.0,1106491229.792268,0.0,2,33.98778712895642
109.79899497487438,400088787352996.4,1127108958.2100518,0.0,2,33.98778712895642
111.55778894472363,400259637686812.9,1147777576.5784857,0.0,2,33.98778712895642
113.31658291457288,400439504769356.3,1168498089.2546391,0.0,2,33.98778712895642
115.07537688442211,400627787983014.06,1189271601.867436,0.0,2,33.98778712895642
116.83417085427136,400823926377525.9,1210099303.675913,0.0,2,33.98778712895642
118.5929648241206,401027396485703.4,1230982451.0432444,0.0,2,33.98778712895642
120.35175879396985,401237710216286.8,1251922352.0267308,0.0,2,33.98778712895642
122.1105527638191,401454412827011.2,1272920352.0740933,0.0,2,33.98778712895642
123.86934673366835,401677080979791.7,1293977820.8078508,0.0,2,33.98778712895642
125.62814070351759,401905320878959.75,1315096139.8722472,0.0,2,33.98778712895642
127.38693467336684,402138766492665.6,1336276691.811095,0.0,2,33.98778712895642
129.1457286432161,402377077856889.9,1357520849.9398944,0.0,2,33.98778712895642
130.90452261306532,402619939460953.44,1378829969.1716354,0.0,2,33.98778712895642
132.66331658291458,402867058712973.5,1400205377.752665,0.0,2,33.98778712895642
134.42211055276383,403118164483351.25,1421648369.862853,0.0,2,33.98778712895642
136.18090452261305,403373005724107.6,1443160199.0328603,0.0,2,33.98778712895642
137.9396984924623,403631350161671.5,1464742072.3306339,0.0,2,33.98778712895642
139.69849246231155,403892983060565.9,1486395145.2690518,0.0,2,33.98778712895642
141.4572864321608,404157706055342.5,1508120517.387045,0.0,2,33.98778712895642
143.21608040201005,404425336048037.9,1529919228.4572747,0.0,2,33.98778712895642
144.9748743718593,404695704168402.25,1551792255.2746034,0.0,2,33.98778712895642
146.73366834170855,404968654794142.44,1573740508.9809816,0.0,2,33.98778712895642
148.4924623115578,405244044628439.56,1595764832.8840656,0.0,2,33.98778712895642
150.25125628140705,405521741832041.6,1617866000.728656,0.0,2,33.98778712895642
152.0100502512563,405801625207280.4,1640044715.3820195,0.0,2,33.98778712895642
153.76884422110552,406083583431428.0,1662301607.8961797,0.0,2,33.98778712895642
155.52763819095478,406367514336879.1,1684637236.9123394,0.0,2,33.98778712895642
157.28643216080403,406653324235729.06,1707052088.3746815,0.0,2,33.98778712895642
159.04522613065328,406940927286395.94,1729546575.52291,0.0,2,33.98778712895642
160.8040201005025,407230244900027.75,1752121039.134928,0.0,2,33.98778712895642
162.56281407035175,407521205184527.3,1774775747.9930544,0.0,2,33.98778712895642
164.321608040201,407813742424112.0,1797510899.5491521,0.0,2,33.98778712895642
166.08040201005025,408107796592423.2,1820326620.7659087,0.0,2,33.98778712895642
167.8391959798995,408403312897285.25,1843222969.1132693,0.0,2,33.98778712895642
169.59798994974875,408700241355309.25,1866199933.7007947,0.0,2,33.98778712895642
171.356783919598,408998536394614.5,1889257436.5282621,0.0,2,33.98778712895642
173.11557788944725,409298156484036.6,1912395333.838405,0.0,2,33.98778712895642
174.8743718592965,409599063787263.75,1935613417.5570757,0.0,2,33.98778712895642
176.63316582914575,409901223840430.06,1958911416.8074768,0.0,2,33.98778712895642
178.39195979899498,410204605251766.25,1982288999.4863303,0.0,2,33.98778712895642
180.15075376884423,410509179421985.7,2005745773.891031,0.0,2,33.98778712895642
181.90954773869348,410814920284154.2,2029281290.3878691,0.0,2,33.98778712895642
183.66834170854273,411121804061857.1,2052895043.1124072,0.0,2,33.98778712895642
185.42713567839198,411429809044547.44,2076586471.694014,0.0,2,33.98778712895642
187.1859296482412,411738915379016.0,2100354962.9973726,0.0,2,33.98778712895642
188.94472361809045,412049104875986.3,2124199852.8745224,0.0,2,33.98778712895642
190.7035175879397,412360360830893.9,2148120427.9217443,0.0,2,33.98778712895642
192.46231155778895,412672667857958.6,2172115927.2361693,0.0,2,33.98778712895642
194.2211055276382,412986011736718.1,2196185544.1676044,0.0,2,33.98778712895642
195.97989949748745,413300379270227.3,2220328428.061585,0.0,2,33.98778712895642
197.7386934673367,413615758154186.94,2244543685.990099,0.0,2,33.98778712895642
199.49748743718592,413932136856295.06,2268830384.466921,0.0,2,33.98778712895642
201.25628140703517,414249504505168.25,2293187551.1448245,0.0,2,33.98778712895642
203.01507537688443,414567850788206.75,2317614176.492279,0.0,2,33.98778712895642
204.77386934673368,414887165857826.4,2342109215.4476185,0.0,2,33.98778712895642
206.53266331658293,415207440245502.44,2366671589.0488677,0.0,2,33.98778712895642
208.29145728643218,415528664783112.1,2391300186.0377,0.0,2,33.98778712895642
210.0502512562814,415850830531091.5,2415993864.4362445,0.0,2,33.98778712895642
211.80904522613065,416173928712948.7,2440751453.095599,0.0,2,33.98778712895642
213.5678391959799,416497950655705.3,2465571753.2151537,0.0,2,33.98778712895642
215.32663316582915,416822887735864.3,2490453539.8319373,0.0,2,33.98778712895642
217.0854271356784,417148731330526.5,2515395563.2793837,0.0,2,33.98778712895642
218.84422110552765,417475472773298.7,2540396550.614976,0.0,2,33.98778712895642
220.6030150753769,417803103314661.9,2565455207.016433,0.0,2,33.98778712895642
222.36180904522612,418131614086487.56,2590570217.146121,0.0,2,33.98778712895642
224.12060301507537,418460996070405.8,2615740246.483493,0.0,2,33.98778712895642
225.87939698492463,418791240069752.1,2640963942.6254487,0.0,2,33.98778712895642
227.63819095477388,419122336684835.75,2666239936.5545707,0.0,2,33.98778712895642
229.39698492462313,419454276291283.6,2691566843.875229,0.0,2,33.98778712895642
231.15577889447238,419787049021237.25,2716943266.0176587,0.0,2,33.98778712895642
232.91457286432163,420120644747187.9,2742367791.410102,0.0,2,33.98778712895642
234.67336683417085,420455053068251.1,2767838996.6191926,0.0,2,33.98778712895642
236.4321608040201,420790263298694.2,2793355447.4587975,0.0,2,33.98778712895642
238.19095477386935,421126264458543.1,2818915700.0675254,0.0,2,33.98778712895642
239.9497487437186,421463045266103.1,2844518301.9552107,0.0,2,33.98778712895642
241.70854271356785,421800594132243.2,2870161793.018642,0.0,2,33.98778712895642
243.4673366834171,422138899156298.4,2895844706.526875,0.0,2,33.98778712895642
245.22613065326635,422477948123459.6,2921565570.0764794,0.0,2,33.98778712895642
246.98492462311557,422817728503522.94,2947322906.5170665,0.0,2,33.98778712895642
248.74371859296483,423158227450883.7,2973115234.847511,0.0,2,33.98778712895642
250.50251256281408,423499431805665.3,2998941071.0832486,0.0,2,33.98778712895642
252.26130653266333,423841328095882.9,3024798929.0950646,0.0,2,33.98778712895642
254.02010050251258,424183902540544.25,3050687321.4198117,0.0,2,33.98778712895642
255.77889447236183,424527141053602.1,3076604760.0435104,0.0,2,33.98778712895642
257.53768844221105,424871029248674.2,3102549757.1572266,0.0,2,33.98778712895642
259.2964824120603,425215552444453.44,3128520825.886263,0.0,2,33.98778712895642
261.05527638190955,425560695670739.3,3154516480.993075,0.0,2,33.98778712895642
262.8140703517588,425906443675021.3,3180535239.5544066,0.0,2,33.98778712895642
264.57286432160805,426252780929554.1,3206575621.613122,0.0,2,33.98778712895642
266.3316582914573,426599691638866.9,3232636150.805244,0.0,2,33.98778712895642
268.09045226130655,426947159747652.6,3258715354.9626245,0.0,2,33.98778712895642
269.8492462311558,427295168948988.8,3284811766.691838,0.0,2,33.98778712895642
271.608040201005,427643702692844.3,3310923923.929704,0.0,2,33.98778712895642
273.3668341708543,427992744194827.3,3337050370.475997,0.0,2,33.98778712895642
275.1256281407035,428342276445138.3,3363189656.503814,0.0,2,33.98778712895642
276.8844221105528,428692282217689.75,3389340339.0481434,0.0,2,33.98778712895642
278.643216080402,429042744079359.25,3415500982.4730587,0.0,2,33.98778712895642
280.4020100502513,429393644399346.06,3441670158.918153,0.0,2,33.98778712895642
282.1608040201005,429744965358601.06,3467846448.7246127,0.0,2,33.98778712895642
283.91959798994975,430096688959305.75,3494028440.8414917,0.0,2,33.98778712895642
285.678391959799,430448797034375.1,3520214733.212672,0.0,2,33.98778712895642
287.43718592964825,430801271256961.7,3546403933.144999,0.0,2,33.98778712895642
289.1959798994975,431154093149942.7,3572594657.6580997,0.0,2,33.98778712895642
290.95477386934675,431507244095369.25,3598785533.8163743,0.0,2,33.98778712895642
292.713567839196,431860705343863.6,3624975199.04364,0.0,2,33.98778712895642
294.4723618090452,432214458023946.0,3651162301.420911,0.0,2,33.98778712895642
296.2311557788945,432568483151280.3,3677345499.967823,0.0,2,33.98778712895642
297.9899497487437,432922761637823.9,3703523464.9081383,0.0,2,33.98778712895642
299.748743718593,433277274300870.1,3729694877.9198284,0.0,2,33.98778712895642
301.5075376884422,433632001871976.7,3755858432.370194,0.0,2,33.98778712895642
303.2663316582915,433986925005764.56,3782012833.5364738,0.0,2,33.98778712895642
305.0251256281407,434342024288586.4,3808156798.8123994,0.0,2,33.98778712895642
306.78391959798995,434697280247051.5,3834289057.901164,0.0,2,33.98778712895642
308.5427135678392,435052673356405.2,3860408352.995207,0.0,2,33.98778712895642
310.30150753768845,435408184048752.7,3886513438.9432673,0.0,2,33.98778712895642
312.0603015075377,435763792721128.5,3912603083.405156,0.0,2,33.98778712895642
313.81909547738695,436119479743401.1,3938676066.994623,0.0,2,33.98778712895642
315.5778894472362,436475225466013.6,3964731183.410754,0.0,2,33.98778712895642
317.33668341708545,436831010227556.2,3990767239.5583158,0.0,2,33.98778712895642
319.0954773869347,437186814362167.1,4016783055.657409,0.0,2,33.98778712895642
320.85427135678395,437542618206762.3,4042777465.3428483,0.0,2,33.98778712895642
322.61306532663315,437898402108090.4,4068749315.7536454,0.0,2,33.98778712895642
324.3718592964824,438254146429613.1,4094697467.612957,0.0,2,33.98778712895642
326.13065326633165,438609831558210.9,4120620795.2988505,0.0,2,33.98778712895642
327.8894472361809,438965437910711.7,4146518186.9062977,0.0,2,33.98778712895642
329.64824120603015,439320945940245.6,4172388544.3006654,0.0,2,33.98778712895642
331.4070351758794,439676336142423.56,4198230783.163101,0.0,2,33.98778712895642
333.16582914572865,440031589061342.1,4224043833.028137,0.0,2,33.98778712895642
334.9246231155779,440386685295415.1,4249826637.31379,0.0,2,33.98778712895642
336.68341708542715,440741605503032.2,4275578153.344529,0.0,2,33.98778712895642
338.4422110552764,441096330408046.94,4301297352.367392,0.0,2,33.98778712895642
340.20100502512565,441450840805096.44,4326983219.561519,0.0,2,33.98778712895642
341.9597989949749,441805117564752.0,4352634754.041447,0.0,2,33.98778712895642
343.71859296482415,442159141638505.75,4378250968.854402,0.0,2,33.98778712895642
345.4773869346734,442512894063591.4,4403830890.971876,0.0,2,33.98778712895642
347.2361809045226,442866355967645.9,4429373561.275745,0.0,2,33.98778712895642
348.99497487437185,443219508573210.06,4454878034.539205,0.0,2,33.98778712895642
350.7537688442211,443572333202073.9,4480343379.402739,0.0,2,33.98778712895642
352.51256281407035,443924811279465.1,4505768678.34538,0.0,2,33.98778712895642
354.2713567839196,444276924338088.44,4531153027.651503,0.0,2,33.98778712895642
356.03015075376885,444628654022013.1,4556495537.373338,0.0,2,33.98778712895642
357.7889447236181,444979982090415.0,4581795331.289464,0.0,2,33.98778712895642
359.54773869346735,445330890421174.0,4607051546.859458,0.0,2,33.98778712895642
361.3065326633166,445681361014330.06,4632263335.174925,0.0,2,33.98778712895642
363.06532663316585,446031375995400.25,4657429860.907069,0.0,2,33.98778712895642
364.8241206030151,446380917618559.75,4682550302.251041,0.0,2,33.98778712895642
366.58291457286435,446729968269689.9,4707623850.8672,0.0,2,33.98778712895642
368.3417085427136,447078510469295.56,4732649711.819471,0.0,2,33.98778712895642
370.1005025125628,447426526875294.25,4757627103.510991,0.0,2,33.98778712895642
371.85929648241205,447774000285680.6,4782555257.617177,0.0,2,33.98778712895642
373.6180904522613,448120913641068.94,4807433419.016361,0.0,2,33.98778712895642
375.37688442211055,448467250027114.7,4832260845.718171,0.0,2,33.98778712895642
377.1356783919598,448812992676821.56,4857036808.789783,0.0,2,33.98778712895642
378.89447236180905,449158124972731.9,4881760592.280172,0.0,2,33.98778712895642
380.6532663316583,449502630449007.2,4906431493.142502,0.0,2,33.98778712895642
382.41206030150755,449846492793399.5,4931048821.154766,0.0,2,33.98778712895642
384.1708542713568,450189695849116.44,4955611898.838836,0.0,2,33.98778712895642
385.92964824120605,450532223616582.3,4980120061.377955,0.0,2,33.98778712895642
387.6884422110553,450874060255099.44,5004572656.532874,0.0,2,33.98778712895642
389.44723618090455,451215190084410.1,5028969044.556675,0.0,2,33.98778712895642
391.2060301507538,451555597586162.06,5053308598.108383,0.0,2,33.98778712895642
392.96482412060305,451895267405282.25,5077590702.165495,0.0,2,33.98778712895642
394.72361809045225,452234184351257.75,5101814753.935486,0.0,2,33.98778712895642
396.4824120603015,452572333399329.4,5125980162.766379,0.0,2,33.98778712895642
398.24120603015075,452909699691598.1,5150086350.056473,0.0,2,33.98778712895642
400.0,453246268538048.4,5174132749.163298,0.0,2,33.98778712895642
