energy_ev,averaged_transmission,transmission_per_area_m^-2,transmission_direction,area_angstrom^2
-0.367493259667866,0.0,0.0,2,33.98778712895642
-0.36565579336952664,0.0,0.0,2,33.98778712895642
-0.3638183270711874,0.0,0.0,2,33.98778712895642
-0.361980860772848,0.0,0.0,2,33.98778712895642
-0.3601433944745087,0.0,0.0,2,33.98778712895642
-0.35830592817616935,0.0,0.0,2,33.98778712895642
-0.35646846187783,0.0,0.0,2,33.98778712895642
-0.35463099557949074,0.0,0.0,2,33.98778712895642
-0.3527935292811514,0.0,0.0,2,33.98778712895642
-0.35095606298281207,0.0,0.0,2,33.98778712895642
-0.3491185966844727,0.0,0.0,2,33.98778712895642
-0.34728113038613334,0.0,0.0,2,33.98778712895642
-0.3454436640877941,0.0,0.0,2,33.98778712895642
-0.3436061977894547,0.0,0.0,2,33.98778712895642
-0.3417687314911154,0.0,0.0,2,33.98778712895642
-0.33993126519277606,0.0,0.0,2,33.98778712895642
-0.3380937988944367,0.0,0.0,2,33.98778712895642
-0.33625633259609744,0.0,0.0,2,33.98778712895642
-0.3344188662977581,0.0,0.0,2,33.98778712895642
-0.33258139999941877,0.0,0.0,2,33.98778712895642
-0.3307439337010794,0.0,0.0,2,33.98778712895642
-0.32890646740274004,0.0,0.0,2,33.98778712895642
-0.3270690011044008,0.0,0.0,2,33.98778712895642
-0.32523153480606143,0.0,0.0,2,33.98778712895642
-0.3233940685077221,0.0,0.0,2,33.98778712895642
-0.32155660220938276,0.0,0.0,2,33.98778712895642
-0.3197191359110434,0.0025,7355583317367803.0,2,33.98778712895642
-0.31788166961270414,0.0275,8.091141649104584e+16,2,33.98778712895642
-0.3160442033143648,0.0525,1.5446724966472387e+17,2,33.98778712895642
-0.3142067370160255,0.0775,2.280230828384019e+17,2,33.98778712895642
-0.3123692707176861,0.11750000000000001,3.457124159162868e+17,2,33.98778712895642
-0.31053180441934675,0.1275,3.7513474918575795e+17,2,33.98778712895642
-0.30869433812100744,0.1675,4.928240822636429e+17,2,33.98778712895642
-0.30685687182266813,0.1975,5.810910820720564e+17,2,33.98778712895642
-0.3050194055243288,0.22250000000000003,6.546469152457345e+17,2,33.98778712895642
-0.30318193922598946,0.2475,7.282027484194125e+17,2,33.98778712895642
-0.3013444729276501,0.28750000000000003,8.458920814972975e+17,2,33.98778712895642
-0.2995070066293108,0.3325,9.78292581209918e+17,2,33.98778712895642
-0.2976695403309715,0.3425,1.0077149144793892e+18,2,33.98778712895642
-0.2958320740326322,0.36750000000000005,1.0812707476530673e+18,2,33.98778712895642
-0.2939946077342928,0.4225,1.2430935806351588e+18,2,33.98778712895642
-0.29215714143595345,0.4425,1.3019382471741012e+18,2,33.98778712895642
-0.29031967513761414,0.615,1.8094734960724795e+18,2,33.98778712895642
-0.28848220883927483,0.7749999999999999,2.2802308283840187e+18,2,33.98778712895642
-0.28664474254093547,0.9625,2.8318995771866045e+18,2,33.98778712895642
-0.28480727624259616,1.1075000000000002,3.2585234095939374e+18,2,33.98778712895642
-0.2829698099442568,1.2174999999999998,3.5821690755581194e+18,2,33.98778712895642
-0.2811323436459175,1.4225,4.18532690758228e+18,2,33.98778712895642
-0.2792948773475782,1.9000000000000001,5.590243321199531e+18,2,33.98778712895642
-0.2774574110492388,2.105,6.19340115322369e+18,2,33.98778712895642
-0.2756199447508995,2.1325000000000003,6.274312569714737e+18,2,33.98778712895642
-0.27378247845256015,2.2275,6.553824735774713e+18,2,33.98778712895642
-0.27194501215422084,2.2675,6.671514068852598e+18,2,33.98778712895642
-0.2701075458558815,2.4025,7.068715567990458e+18,2,33.98778712895642
-0.2682700795575422,2.5475,7.495339400397791e+18,2,33.98778712895642
-0.26643261325920287,2.7875,8.201475398865101e+18,2,33.98778712895642
-0.2645951469608635,2.8575,8.407431731751399e+18,2,33.98778712895642
-0.2627576806625242,2.96,8.709010647763479e+18,2,33.98778712895642
-0.26092021436418483,2.965,8.723721814398214e+18,2,33.98778712895642
-0.2590827480658455,2.8625,8.422142898386134e+18,2,33.98778712895642
-0.2572452817675062,2.7275,8.024941399248273e+18,2,33.98778712895642
-0.25540781546916685,2.5125,7.392361233954643e+18,2,33.98778712895642
-0.25357034917082755,2.3375,6.877470401738895e+18,2,33.98778712895642
-0.2517328828724882,2.0775,6.112489736732645e+18,2,33.98778712895642
-0.24989541657414888,1.9125,5.62702123778637e+18,2,33.98778712895642
-0.24805795027580957,1.81,5.32544232177429e+18,2,33.98778712895642
-0.2462204839774702,1.8825,5.538754237977956e+18,2,33.98778712895642
-0.24438301767913093,2.05,6.031578320241598e+18,2,33.98778712895642
-0.24254555138079156,2.275,6.693580818804701e+18,2,33.98778712895642
-0.24070808508245223,2.3275,6.848048068469425e+18,2,33.98778712895642
-0.23887061878411292,2.2275,6.553824735774713e+18,2,33.98778712895642
-0.23703315248577356,1.9725,5.803555237403196e+18,2,33.98778712895642
-0.23519568618743425,1.7275,5.082708072301152e+18,2,33.98778712895642
-0.23335821988909491,1.6124999999999998,4.744351239702233e+18,2,33.98778712895642
-0.23152075359075558,1.4225,4.18532690758228e+18,2,33.98778712895642
-0.22968328729241627,1.5275,4.494261406911728e+18,2,33.98778712895642
-0.2278458209940769,1.5975000000000001,4.700217739798026e+18,2,33.98778712895642
-0.2260083546957376,1.6225,4.773773572971704e+18,2,33.98778712895642
-0.22417088839739827,1.79,5.266597655235347e+18,2,33.98778712895642
-0.22233342209905893,2.09,6.149267653319483e+18,2,33.98778712895642
-0.22049595580071962,2.17,6.384646319475253e+18,2,33.98778712895642
-0.2186584895023803,1.8,5.296019988504819e+18,2,33.98778712895642
-0.21682102320404092,1.705,5.016507822444842e+18,2,33.98778712895642
-0.21498355690570162,2.125,6.252245819762633e+18,2,33.98778712895642
-0.21314609060736228,2.23,6.561180319092081e+18,2,33.98778712895642
-0.21130862430902295,2.3925,7.039293234720988e+18,2,33.98778712895642
-0.20947115801068364,2.4275,7.142271401164137e+18,2,33.98778712895642
-0.20763369171234428,2.1375,6.289023736349473e+18,2,33.98778712895642
-0.20579622541400497,1.9675,5.788844070768461e+18,2,33.98778712895642
-0.20395875911566563,1.8325,5.3916425716306e+18,2,33.98778712895642
-0.2021212928173263,1.8824999999999998,5.538754237977955e+18,2,33.98778712895642
-0.200283826518987,1.9325,5.685865904325313e+18,2,33.98778712895642
-0.19844636022064763,1.9775,5.818266404037932e+18,2,33.98778712895642
-0.1966088939223083,2.0675,6.083067403463173e+18,2,33.98778712895642
-0.19477142762396898,2.3825000000000003,7.009870901451517e+18,2,33.98778712895642
-0.19293396132562965,2.5625,7.539472900301998e+18,2,33.98778712895642
-0.19109649502729031,2.57,7.561539650254102e+18,2,33.98778712895642
-0.18925902872895098,2.4800000000000004,7.296738650828862e+18,2,33.98778712895642
-0.18742156243061164,2.265,6.66415848553523e+18,2,33.98778712895642
-0.18558409613227234,2.1100000000000003,6.208112319858427e+18,2,33.98778712895642
-0.183746629833933,2.1425,6.303734902984207e+18,2,33.98778712895642
-0.18190916353559364,2.0175,5.935955737115817e+18,2,33.98778712895642
-0.18007169723725433,1.795,5.281308821870082e+18,2,33.98778712895642
-0.178234230938915,1.7874999999999999,5.259242071917979e+18,2,33.98778712895642
-0.1763967646405757,1.8925,5.568176571247428e+18,2,33.98778712895642
-0.17455929834223635,2.0975,6.171334403271588e+18,2,33.98778712895642
-0.172721832043897,2.2975000000000003,6.759781068661012e+18,2,33.98778712895642
-0.17088436574555768,2.4625000000000004,7.245249567607287e+18,2,33.98778712895642
-0.16904689944721835,2.5300000000000002,7.443850317176218e+18,2,33.98778712895642
-0.16720943314887904,2.5,7.355583317367803e+18,2,33.98778712895642
-0.1653719668505397,2.4475,7.201116067703079e+18,2,33.98778712895642
-0.16353450055220034,2.3175,6.818625735199953e+18,2,33.98778712895642
-0.16169703425386103,2.1075,6.200756736541058e+18,2,33.98778712895642
-0.1598595679555217,1.9075000000000002,5.612310071151634e+18,2,33.98778712895642
-0.1580221016571824,1.8525,5.450487238169543e+18,2,33.98778712895642
-0.15618463535884305,2.0125,5.921244570481082e+18,2,33.98778712895642
-0.1543471690605037,2.0425,6.009511570289495e+18,2,33.98778712895642
-0.15250970276216438,2.3425,6.892181568373631e+18,2,33.98778712895642
-0.15067223646382505,2.4825,7.304094234146228e+18,2,33.98778712895642
-0.14883477016548574,2.2925,6.745069902026276e+18,2,33.98778712895642
-0.1469973038671464,2.1399999999999997,6.296379319666839e+18,2,33.98778712895642
-0.14515983756880704,1.9549999999999998,5.752066154181622e+18,2,33.98778712895642
-0.14332237127046774,1.775,5.22246415533114e+18,2,33.98778712895642
-0.1414849049721284,1.63,4.795840322923808e+18,2,33.98778712895642
-0.1396474386737891,1.49,4.3839276571512105e+18,2,33.98778712895642
-0.13780997237544976,1.3074999999999999,3.846970074983361e+18,2,33.98778712895642
-0.1359725060771104,1.1275,3.3173680761328794e+18,2,33.98778712895642
-0.1341350397787711,0.9975,2.934877743629754e+18,2,33.98778712895642
-0.13229757348043175,0.79,2.324364328288226e+18,2,33.98778712895642
-0.13046010718209242,0.685,2.0154298289587784e+18,2,33.98778712895642
-0.1286226408837531,0.6074999999999999,1.787406746120376e+18,2,33.98778712895642
-0.12678517458541375,0.6124999999999999,1.8021179127551117e+18,2,33.98778712895642
-0.12494770828707442,0.6425,1.8903849125635254e+18,2,33.98778712895642
-0.1231102419887351,0.6224999999999999,1.831540246024583e+18,2,33.98778712895642
-0.12127277569039578,0.6600000000000001,1.9418739957851005e+18,2,33.98778712895642
-0.11943530939205646,0.7250000000000001,2.1331191620366633e+18,2,33.98778712895642
-0.1175978430937171,0.75,2.2066749952103409e+18,2,33.98778712895642
-0.11576037679537778,0.925,2.7215658274260874e+18,2,33.98778712895642
-0.11392291049703845,1.035,3.0452114933902705e+18,2,33.98778712895642
-0.11208544419869913,1.22,3.5895246588754877e+18,2,33.98778712895642
-0.11024797790035981,1.34,3.942592658109143e+18,2,33.98778712895642
-0.10841051160202045,1.5025,4.4207055737380495e+18,2,33.98778712895642
-0.10657304530368113,1.6575,4.876751739414854e+18,2,33.98778712895642
-0.1047355790053418,1.845,5.428420488217439e+18,2,33.98778712895642
-0.10289811270700248,1.9474999999999998,5.729999404229518e+18,2,33.98778712895642
-0.10106064640866315,2.0675,6.083067403463173e+18,2,33.98778712895642
-0.0992231801103238,2.1574999999999998,6.347868402888413e+18,2,33.98778712895642
-0.09738571381198448,2.1475,6.318446069618943e+18,2,33.98778712895642
-0.09554824751364516,2.1225,6.244890236445265e+18,2,33.98778712895642
-0.09371078121530582,2.055,6.046289486876335e+18,2,33.98778712895642
-0.0918733149169665,1.915,5.634376821103738e+18,2,33.98778712895642
-0.09003584861862715,1.715,5.045930155714313e+18,2,33.98778712895642
-0.08819838232028783,1.6475,4.847329406145382e+18,2,33.98778712895642
-0.0863609160219485,1.7125000000000001,5.038574572396945e+18,2,33.98778712895642
-0.08452344972360917,1.7575,5.170975072109566e+18,2,33.98778712895642
-0.08268598342526985,1.8674999999999997,5.494620738073748e+18,2,33.98778712895642
-0.0808485171269305,1.8725,5.509331904708485e+18,2,33.98778712895642
-0.07901105082859117,1.8725,5.509331904708485e+18,2,33.98778712895642
-0.07717358453025185,1.8175,5.347509071726392e+18,2,33.98778712895642
-0.07533611823191252,1.7675,5.200397405379037e+18,2,33.98778712895642
-0.0734986519335732,1.7475,5.141552738840095e+18,2,33.98778712895642
-0.07166118563523384,1.7325,5.097419238935888e+18,2,33.98778712895642
-0.06982371933689456,1.6225,4.773773572971704e+18,2,33.98778712895642
-0.0679862530385552,1.5175,4.464839073642257e+18,2,33.98778712895642
-0.06614878674021585,1.4875,4.376572073833843e+18,2,33.98778712895642
-0.06431132044187655,1.3125,3.8616812416180966e+18,2,33.98778712895642
-0.0624738541435372,1.2475,3.670436075366534e+18,2,33.98778712895642
-0.060636387845197905,1.1975,3.523324409019178e+18,2,33.98778712895642
-0.05879892154685855,1.0699999999999998,3.1481896598334193e+18,2,33.98778712895642
-0.05696145524851919,1.32,3.8837479915702e+18,2,33.98778712895642
-0.055123988950179906,1.4300000000000002,4.207393657534384e+18,2,33.98778712895642
-0.05328652265184054,1.255,3.692502825318637e+18,2,33.98778712895642
-0.051449056353501256,1.32,3.8837479915702e+18,2,33.98778712895642
-0.0496115900551619,1.7625,5.185686238744302e+18,2,33.98778712895642
-0.047774123756822544,1.965,5.781488487451094e+18,2,33.98778712895642
-0.04593665745848325,2.075,6.105134153415278e+18,2,33.98778712895642
-0.044099191160143894,2.5100000000000002,7.385005650637275e+18,2,33.98778712895642
-0.04226172486180461,2.58,7.590961983523573e+18,2,33.98778712895642
-0.04042425856346525,2.5125,7.392361233954643e+18,2,33.98778712895642
-0.038586792265125895,2.5774999999999997,7.583606400206204e+18,2,33.98778712895642
-0.0367493259667866,2.4875,7.318805400780964e+18,2,33.98778712895642
-0.034911859668447245,2.3825,7.009870901451516e+18,2,33.98778712895642
-0.03307439337010795,2.0424999999999995,6.009511570289494e+18,2,33.98778712895642
-0.0312369270717686,1.8575,5.465198404804277e+18,2,33.98778712895642
-0.029399460773429243,1.8875000000000002,5.553465404612692e+18,2,33.98778712895642
-0.027561994475089953,1.9975,5.877111070576874e+18,2,33.98778712895642
-0.025724528176750593,1.9525000000000001,5.744710570864255e+18,2,33.98778712895642
-0.023887061878411303,1.6524999999999999,4.862040572780118e+18,2,33.98778712895642
-0.022049595580071947,1.52,4.472194656959624e+18,2,33.98778712895642
-0.02021212928173259,1.4049999999999998,4.133837824360705e+18,2,33.98778712895642
-0.0183746629833933,1.42,4.177971324264912e+18,2,33.98778712895642
-0.016537196685053945,1.5150000000000001,4.457483490324889e+18,2,33.98778712895642
-0.014699730386714589,1.5575,4.582528406720142e+18,2,33.98778712895642
-0.012862264088375297,1.78,5.237175321965876e+18,2,33.98778712895642
-0.01102479779003594,1.8399999999999999,5.413709321582703e+18,2,33.98778712895642
-0.00918733149169665,1.9799999999999998,5.8256219873553e+18,2,33.98778712895642
-0.007349865193357294,2.005,5.899177820528978e+18,2,33.98778712895642
-0.005512398895017938,2.13,6.266956986397368e+18,2,33.98778712895642
-0.003674932596678647,2.1950000000000003,6.458202152648932e+18,2,33.98778712895642
-0.0018374662983392908,2.17,6.384646319475253e+18,2,33.98778712895642
0.0,1.9625,5.774132904133725e+18,2,33.98778712895642
0.001837466298339356,1.7025,5.009152239127474e+18,2,33.98778712895642
0.003674932596678712,1.5,4.4133499904206817e+18,2,33.98778712895642
0.005512398895018003,1.385,4.074993157821763e+18,2,33.98778712895642
0.007349865193357359,1.335,3.927881491474407e+18,2,33.98778712895642
0.00918733149169665,1.3175,3.8763924082528323e+18,2,33.98778712895642
0.011024797790036006,1.3599999999999999,4.0014373246480845e+18,2,33.98778712895642
0.012862264088375363,1.465,4.310371823977533e+18,2,33.98778712895642
0.014699730386714654,1.41,4.1485489909954406e+18,2,33.98778712895642
0.01653719668505401,1.58,4.648728656576452e+18,2,33.98778712895642
0.0183746629833933,1.77,5.207752988696405e+18,2,33.98778712895642
0.020212129281732657,1.9425,5.715288237594783e+18,2,33.98778712895642
0.022049595580072013,2.0525,6.038933903558967e+18,2,33.98778712895642
0.023887061878411303,2.2225,6.539113569139977e+18,2,33.98778712895642
0.02572452817675066,2.3725,6.980448568182046e+18,2,33.98778712895642
0.027561994475089953,2.1525,6.333157236253679e+18,2,33.98778712895642
0.02939946077342931,1.775,5.22246415533114e+18,2,33.98778712895642
0.031236927071768665,1.5650000000000002,4.604595156672245e+18,2,33.98778712895642
0.03307439337010795,1.3975,4.111771074408602e+18,2,33.98778712895642
0.03491185966844731,1.3224999999999998,3.8911035748875674e+18,2,33.98778712895642
0.0367493259667866,1.3075,3.8469700749833615e+18,2,33.98778712895642
0.03858679226512596,1.4324999999999999,4.214749240851751e+18,2,33.98778712895642
0.040424258563465314,1.5975000000000001,4.700217739798026e+18,2,33.98778712895642
0.04226172486180461,1.7774999999999999,5.229819738648507e+18,2,33.98778712895642
0.04409919116014396,1.9774999999999998,5.818266404037932e+18,2,33.98778712895642
0.04593665745848325,2.0425,6.009511570289495e+18,2,33.98778712895642
0.047774123756822606,1.9925,5.862399903942139e+18,2,33.98778712895642
0.04961159005516196,2.1725000000000003,6.392001902792622e+18,2,33.98778712895642
0.051449056353501256,2.205,6.487624485918403e+18,2,33.98778712895642
0.05328652265184061,2.3175,6.818625735199953e+18,2,33.98778712895642
0.055123988950179906,2.3475,6.906892735008368e+18,2,33.98778712895642
0.05696145524851926,2.4425,7.186404901068343e+18,2,33.98778712895642
0.05879892154685862,2.5275,7.436494733858849e+18,2,33.98778712895642
0.060636387845197905,2.6075,7.671873400014619e+18,2,33.98778712895642
0.06247385414353726,2.6325000000000003,7.745429233188298e+18,2,33.98778712895642
0.06431132044187655,2.6525,7.804273899727239e+18,2,33.98778712895642
0.0661487867402159,2.6425,7.774851566457768e+18,2,33.98778712895642
0.06798625303855527,2.5925000000000002,7.627739900110413e+18,2,33.98778712895642
0.06982371933689456,2.5425000000000004,7.480628233763058e+18,2,33.98778712895642
0.07166118563523391,2.415,7.105493484577298e+18,2,33.98778712895642
0.0734986519335732,2.3800000000000003,7.00251531813415e+18,2,33.98778712895642
0.07533611823191257,2.165,6.369935152840518e+18,2,33.98778712895642
0.07717358453025192,2.25,6.620024985631023e+18,2,33.98778712895642
0.07901105082859121,2.355,6.928959484960471e+18,2,33.98778712895642
0.08084851712693056,2.5300000000000002,7.443850317176218e+18,2,33.98778712895642
0.08268598342526985,2.76,8.120563982374054e+18,2,33.98778712895642
0.08452344972360921,2.865,8.429498481703503e+18,2,33.98778712895642
0.08636091602194856,2.92,8.591321314685594e+18,2,33.98778712895642
0.08819838232028786,2.955,8.694299481128744e+18,2,33.98778712895642
0.0900358486186272,2.9999999999999996,8.826699980841362e+18,2,33.98778712895642
0.0918733149169665,3.12,9.179767980075019e+18,2,33.98778712895642
0.09371078121530586,3.28,9.650525312386558e+18,2,33.98778712895642
0.09554824751364521,3.37,9.9153263118118e+18,2,33.98778712895642
0.0973857138119845,3.59,1.0562617643740164e+19,2,33.98778712895642
0.09922318011032387,3.65,1.0739151643356994e+19,2,33.98778712895642
0.10106064640866315,3.5625,1.048170622724912e+19,2,33.98778712895642
0.10289811270700251,3.6525,1.074650722667436e+19,2,33.98778712895642
0.10473557900534186,3.7024999999999997,1.0893618893021716e+19,2,33.98778712895642
0.10657304530368115,3.905,1.1489421141728508e+19,2,33.98778712895642
0.10841051160202052,4.045,1.1901333807501105e+19,2,33.98778712895642
0.11024797790035981,3.9899999999999998,1.1739510974519013e+19,2,33.98778712895642
0.11208544419869916,3.8949999999999996,1.1459998808459037e+19,2,33.98778712895642
0.11392291049703852,4.07,1.1974889640674785e+19,2,33.98778712895642
0.1157603767953778,4.005,1.178364447442322e+19,2,33.98778712895642
0.11759784309371717,3.9849999999999994,1.1724799807884278e+19,2,33.98778712895642
0.11943530939205646,4.005,1.178364447442322e+19,2,33.98778712895642
0.12127277569039581,4.16,1.2239690640100024e+19,2,33.98778712895642
0.12311024198873517,4.12,1.212200130702214e+19,2,33.98778712895642
0.12494770828707445,4.092499999999999,1.2041089890531092e+19,2,33.98778712895642
0.1267851745854138,4.084999999999999,1.2019023140578988e+19,2,33.98778712895642
0.1286226408837531,4.005,1.178364447442322e+19,2,33.98778712895642
0.13046010718209247,4.135,1.2166134806926346e+19,2,33.98778712895642
0.1322975734804318,4.2475000000000005,1.2497136056207899e+19,2,33.98778712895642
0.13413503977877111,4.3549999999999995,1.2813426138854711e+19,2,33.98778712895642
0.13597250607711048,4.71,1.3857918969920942e+19,2,33.98778712895642
0.13780997237544976,4.4425,1.3070871554962586e+19,2,33.98778712895642
0.13964743867378912,4.2225,1.242358022303422e+19,2,33.98778712895642
0.14148490497212846,4.0825,1.2011667557261621e+19,2,33.98778712895642
0.14332237127046776,3.9824999999999995,1.1717444224566909e+19,2,33.98778712895642
0.14515983756880713,3.905,1.1489421141728508e+19,2,33.98778712895642
0.1469973038671464,3.675,1.081270747653067e+19,2,33.98778712895642
0.14883477016548577,3.545,1.0430217144027546e+19,2,33.98778712895642
0.15067223646382513,3.535,1.0400794810758074e+19,2,33.98778712895642
0.1525097027621644,3.69,1.0856840976434878e+19,2,33.98778712895642
0.15434716906050377,3.5975,1.0584684393692269e+19,2,33.98778712895642
0.15618463535884305,3.8525,1.1334953892063785e+19,2,33.98778712895642
0.15802210165718242,3.885,1.1430576475189565e+19,2,33.98778712895642
0.15985956795552178,3.8674999999999997,1.1379087391967992e+19,2,33.98778712895642
0.16169703425386106,3.7925,1.1158419892446958e+19,2,33.98778712895642
0.16353450055220042,4.0225,1.1835133557644796e+19,2,33.98778712895642
0.1653719668505397,4.3375,1.276193705563314e+19,2,33.98778712895642
0.16720943314887907,4.375,1.2872270805393656e+19,2,33.98778712895642
0.16904689944721843,3.9875,1.1732155391201647e+19,2,33.98778712895642
0.1708843657455577,3.69,1.0856840976434878e+19,2,33.98778712895642
0.17272183204389707,3.645,1.0724440476722258e+19,2,33.98778712895642
0.17455929834223635,3.76,1.1062797309321175e+19,2,33.98778712895642
0.17639676464057572,4.47,1.3151782971453633e+19,2,33.98778712895642
0.17823423093891508,4.7225,1.389469688650778e+19,2,33.98778712895642
0.18007169723725436,4.475,1.3166494138088366e+19,2,33.98778712895642
0.18190916353559372,4.172499999999999,1.2276468556686862e+19,2,33.98778712895642
0.183746629833933,4.1025,1.2070512223800566e+19,2,33.98778712895642
0.1855840961322723,4.0625,1.195282289072268e+19,2,33.98778712895642
0.18742156243061164,3.8224999999999993,1.124668689225537e+19,2,33.98778712895642
0.18925902872895095,3.8200000000000003,1.1239331308938004e+19,2,33.98778712895642
0.19109649502729031,3.4374999999999996,1.0113927061380729e+19,2,33.98778712895642
0.19293396132562965,3.36,9.885903978542328e+18,2,33.98778712895642
0.19477142762396896,3.5549999999999997,1.0459639477297015e+19,2,33.98778712895642
0.1966088939223083,3.58,1.0533195310470695e+19,2,33.98778712895642
0.1984463602206476,3.365,9.900615145177063e+18,2,33.98778712895642
0.20028382651898696,3.3200000000000003,9.768214645464443e+18,2,33.98778712895642
0.2021212928173263,3.085,9.076789813631869e+18,2,33.98778712895642
0.2039587591156656,2.2675,6.671514068852598e+18,2,33.98778712895642
0.20579622541400497,1.9775,5.818266404037932e+18,2,33.98778712895642
0.20763369171234425,2.1174999999999997,6.230179069810528e+18,2,33.98778712895642
0.2094711580106836,2.3674999999999997,6.965737401547309e+18,2,33.98778712895642
0.21130862430902295,2.885,8.488343148242444e+18,2,33.98778712895642
0.21314609060736225,3.0,8.826699980841363e+18,2,33.98778712895642
0.21498355690570162,2.7775,8.172053065595629e+18,2,33.98778712895642
0.2168210232040409,2.6075,7.671873400014619e+18,2,33.98778712895642
0.21865848950238026,2.5075000000000003,7.377650067319907e+18,2,33.98778712895642
0.22049595580071962,2.8100000000000005,8.267675648721412e+18,2,33.98778712895642
0.2223334220990589,2.9399999999999995,8.650165981224535e+18,2,33.98778712895642
0.22417088839739827,3.0275,8.907611397332409e+18,2,33.98778712895642
0.22600835469573755,2.7075,7.966096732709331e+18,2,33.98778712895642
0.2278458209940769,2.4250000000000003,7.13491581784677e+18,2,33.98778712895642
0.22968328729241627,2.31,6.79655898524785e+18,2,33.98778712895642
0.23152075359075555,2.1425,6.303734902984207e+18,2,33.98778712895642
0.23335821988909491,2.015,5.92860015379845e+18,2,33.98778712895642
0.2351956861874342,1.715,5.045930155714313e+18,2,33.98778712895642
0.23703315248577356,1.6749999999999998,4.928240822636427e+18,2,33.98778712895642
0.23887061878411292,1.7750000000000001,5.222464155331141e+18,2,33.98778712895642
0.2407080850824522,2.06,6.06100065351107e+18,2,33.98778712895642
0.24254555138079156,2.2175,6.524402402505241e+18,2,33.98778712895642
0.24438301767913084,2.0424999999999995,6.009511570289494e+18,2,33.98778712895642
0.2462204839774702,1.8425,5.421064904900071e+18,2,33.98778712895642
0.24805795027580957,1.595,4.692862156480658e+18,2,33.98778712895642
0.24989541657414885,1.4649999999999999,4.3103718239775324e+18,2,33.98778712895642
0.2517328828724882,1.4,4.1191266577259694e+18,2,33.98778712895642
0.2535703491708275,1.48,4.3545053238817393e+18,2,33.98778712895642
0.25540781546916685,1.405,4.1338378243607055e+18,2,33.98778712895642
0.2572452817675062,1.21,3.5601023256060165e+18,2,33.98778712895642
0.2590827480658455,1.12,3.295301326180776e+18,2,33.98778712895642
0.26092021436418483,1.1600000000000001,3.4129906592586614e+18,2,33.98778712895642
0.26275768066252414,1.215,3.5748134922407526e+18,2,33.98778712895642
0.2645951469608635,1.3325,3.920525908157039e+18,2,33.98778712895642
0.26643261325920287,1.5274999999999999,4.4942614069117276e+18,2,33.98778712895642
0.2682700795575422,1.6275,4.78848473960644e+18,2,33.98778712895642
0.2701075458558815,1.6724999999999999,4.92088523931906e+18,2,33.98778712895642
0.2719450121542208,1.78,5.237175321965876e+18,2,33.98778712895642
0.27378247845256015,1.7800000000000002,5.237175321965876e+18,2,33.98778712895642
0.2756199447508995,1.825,5.369575821678497e+18,2,33.98778712895642
0.2774574110492388,1.81,5.32544232177429e+18,2,33.98778712895642
0.2792948773475782,1.475,4.339794157247004e+18,2,33.98778712895642
0.28113234364591744,1.365,4.0161484912828206e+18,2,33.98778712895642
0.2829698099442568,1.33,3.913170324839672e+18,2,33.98778712895642
0.28480727624259616,1.32,3.8837479915702e+18,2,33.98778712895642
0.28664474254093547,1.3949999999999998,4.104415491091234e+18,2,33.98778712895642
0.28848220883927483,1.4849999999999999,4.369216490516475e+18,2,33.98778712895642
0.2903196751376141,1.625,4.781129156289072e+18,2,33.98778712895642
0.29215714143595345,1.6349999999999998,4.810551489558542e+18,2,33.98778712895642
0.2939946077342928,1.6649999999999998,4.898818489366956e+18,2,33.98778712895642
0.2958320740326321,1.685,4.9576631559059e+18,2,33.98778712895642
0.2976695403309715,1.7600000000000002,5.178330655426934e+18,2,33.98778712895642
0.29950700662931073,1.77,5.207752988696405e+18,2,33.98778712895642
0.3013444729276501,1.7775,5.229819738648508e+18,2,33.98778712895642
0.30318193922598946,1.8125,5.332797905091658e+18,2,33.98778712895642
0.30501940552432877,1.8925,5.568176571247428e+18,2,33.98778712895642
0.30685687182266813,1.9725,5.803555237403196e+18,2,33.98778712895642
0.3086943381210074,2.0175,5.935955737115817e+18,2,33.98778712895642
0.31053180441934675,2.0925,6.156623236636851e+18,2,33.98778712895642
0.3123692707176861,2.1725,6.392001902792621e+18,2,33.98778712895642
0.3142067370160254,2.2425,6.59795823567892e+18,2,33.98778712895642
0.3160442033143648,2.2925,6.745069902026276e+18,2,33.98778712895642
0.31788166961270403,2.2025,6.480268902601035e+18,2,33.98778712895642
0.3197191359110434,2.1075,6.200756736541058e+18,2,33.98778712895642
0.32155660220938276,1.9725,5.803555237403196e+18,2,33.98778712895642
0.32339406850772207,1.81,5.32544232177429e+18,2,33.98778712895642
0.32523153480606143,1.7725,5.215108572013773e+18,2,33.98778712895642
0.3270690011044007,1.6224999999999998,4.773773572971704e+18,2,33.98778712895642
0.32890646740274004,1.55,4.5604616567680384e+18,2,33.98778712895642
0.3307439337010794,1.54,4.531039323498567e+18,2,33.98778712895642
0.3325813999994187,1.5150000000000001,4.457483490324889e+18,2,33.98778712895642
0.3344188662977581,1.47,4.325082990612268e+18,2,33.98778712895642
0.33625633259609733,1.4675,4.3177274072949007e+18,2,33.98778712895642
0.3380937988944367,1.4575,4.2883050740254295e+18,2,33.98778712895642
0.33993126519277606,1.4975,4.4059944071033144e+18,2,33.98778712895642
0.34176873149111536,1.5524999999999998,4.567817240085405e+18,2,33.98778712895642
0.3436061977894547,1.5175,4.464839073642257e+18,2,33.98778712895642
0.345443664087794,1.5375,4.5236837401811994e+18,2,33.98778712895642
0.34728113038613334,1.4849999999999999,4.369216490516475e+18,2,33.98778712895642
0.3491185966844727,1.5150000000000001,4.457483490324889e+18,2,33.98778712895642
0.350956062982812,1.55,4.5604616567680384e+18,2,33.98778712895642
0.3527935292811514,1.6950000000000003,4.987085489175372e+18,2,33.98778712895642
0.3546309955794906,1.825,5.369575821678497e+18,2,33.98778712895642
0.35646846187783,1.8699999999999999,5.501976321391116e+18,2,33.98778712895642
0.35830592817616935,1.96,5.766777320816357e+18,2,33.98778712895642
0.36014339447450866,2.0675,6.083067403463173e+18,2,33.98778712895642
0.361980860772848,1.9675000000000002,5.788844070768462e+18,2,33.98778712895642
0.3638183270711873,1.9975,5.877111070576874e+18,2,33.98778712895642
0.36565579336952664,1.9625000000000001,5.774132904133726e+18,2,33.98778712895642
0.367493259667866,2.0675,6.083067403463173e+18,2,33.98778712895642
0.3693307259662053,1.9775,5.818266404037932e+18,2,33.98778712895642
0.37116819226454467,1.7925,5.273953238552715e+18,2,33.98778712895642
0.373005658562884,1.7375,5.112130405570623e+18,2,33.98778712895642
0.3748431248612233,1.5325,4.508972573546463e+18,2,33.98778712895642
0.37668059115956265,1.5525,4.5678172400854057e+18,2,33.98778712895642
0.37851805745790196,1.585,4.663439823211187e+18,2,33.98778712895642
0.3803555237562413,1.63,4.795840322923808e+18,2,33.98778712895642
0.38219299005458063,1.715,5.045930155714313e+18,2,33.98778712895642
0.38403045635291994,1.8275000000000001,5.376931404995865e+18,2,33.98778712895642
0.3858679226512593,1.8325,5.3916425716306e+18,2,33.98778712895642
0.3877053889495986,1.91,5.619665654469001e+18,2,33.98778712895642
0.38954285524793797,2.1199999999999997,6.237534653127896e+18,2,33.98778712895642
0.39138032154627733,2.335,6.870114818421529e+18,2,33.98778712895642
0.3932177878446166,2.26,6.649447318900493e+18,2,33.98778712895642
0.39505525414295595,2.2025,6.480268902601035e+18,2,33.98778712895642
0.39689272044129525,2.3025,6.774492235295747e+18,2,33.98778712895642
0.3987301867396346,2.2875,6.73035873539154e+18,2,33.98778712895642
0.400567653037974,2.3499999999999996,6.914248318325734e+18,2,33.98778712895642
0.40240511933631323,2.4375,7.171693734433609e+18,2,33.98778712895642
0.4042425856346526,2.4175,7.112849067894665e+18,2,33.98778712895642
0.4060800519329919,2.5100000000000002,7.385005650637275e+18,2,33.98778712895642
0.40791751823133127,2.4349999999999996,7.164338151116239e+18,2,33.98778712895642
0.40975498452967063,2.3949999999999996,7.046648818038354e+18,2,33.98778712895642
0.41159245082800994,2.39,7.03193765140362e+18,2,33.98778712895642
0.41342991712634924,2.3475,6.906892735008368e+18,2,33.98778712895642
0.41526738342468855,2.2925,6.745069902026276e+18,2,33.98778712895642
0.4171048497230279,2.3075,6.789203401930483e+18,2,33.98778712895642
0.4189423160213673,2.2725,6.686225235487333e+18,2,33.98778712895642
0.4207797823197066,2.2275,6.553824735774713e+18,2,33.98778712895642
0.4226172486180459,2.2224999999999997,6.539113569139976e+18,2,33.98778712895642
0.4244547149163852,2.2475,6.612669402313655e+18,2,33.98778712895642
0.42629218121472456,2.2925,6.745069902026276e+18,2,33.98778712895642
0.4281296475130639,2.3375,6.877470401738895e+18,2,33.98778712895642
0.42996711381140323,2.3975,7.054004401355723e+18,2,33.98778712895642
0.43180458010974254,2.4924999999999997,7.333516567415699e+18,2,33.98778712895642
0.43364204640808185,2.5300000000000002,7.443850317176218e+18,2,33.98778712895642
0.4354795127064212,2.5825,7.598317566840941e+18,2,33.98778712895642
0.4373169790047606,2.6425,7.774851566457768e+18,2,33.98778712895642
0.4391544453030999,2.5775,7.583606400206206e+18,2,33.98778712895642
0.44099191160143925,2.6425,7.774851566457768e+18,2,33.98778712895642
0.44282937789977855,2.6425,7.774851566457768e+18,2,33.98778712895642
0.44466684419811786,2.6900000000000004,7.914607649487757e+18,2,33.98778712895642
0.44650431049645717,2.7750000000000004,8.164697482278263e+18,2,33.98778712895642
0.44834177679479653,2.9050000000000002,8.547187814781388e+18,2,33.98778712895642
0.4501792430931359,2.8449999999999998,8.370653815164559e+18,2,33.98778712895642
0.4520167093914752,2.93,8.620743647955066e+18,2,33.98778712895642
0.4538541756898145,2.975,8.753144147667686e+18,2,33.98778712895642
0.4556916419881538,2.99,8.797277647571893e+18,2,33.98778712895642
0.4575291082864932,3.025,8.900255814015042e+18,2,33.98778712895642
0.45936657458483254,3.0650000000000004,9.017945147092927e+18,2,33.98778712895642
0.46120404088317185,3.11,9.150345646805547e+18,2,33.98778712895642
0.46304150718151116,3.0700000000000003,9.032656313727663e+18,2,33.98778712895642
0.46487897347985047,3.08,9.062078646997134e+18,2,33.98778712895642
0.46671643977818983,3.0949999999999998,9.10621214690134e+18,2,33.98778712895642
0.4685539060765292,3.12,9.179767980075019e+18,2,33.98778712895642
0.4703913723748685,3.21,9.44456897950026e+18,2,33.98778712895642
0.4722288386732078,3.2375000000000003,9.525480395991306e+18,2,33.98778712895642
0.4740663049715471,3.2825000000000006,9.657880895703927e+18,2,33.98778712895642
0.4759037712698865,3.2725,9.628458562434454e+18,2,33.98778712895642
0.47774123756822584,3.1675000000000004,9.319524063105008e+18,2,33.98778712895642
0.4795787038665652,3.02,8.885544647380306e+18,2,33.98778712895642
0.48141617016490446,2.8850000000000002,8.488343148242445e+18,2,33.98778712895642
0.48325363646324376,2.955,8.694299481128744e+18,2,33.98778712895642
0.4850911027615831,2.98,8.767855314302421e+18,2,33.98778712895642
0.4869285690599225,2.7775000000000003,8.172053065595631e+18,2,33.98778712895642
0.48876603535826185,2.8575,8.407431731751399e+18,2,33.98778712895642
0.4906035016566011,2.7875,8.201475398865101e+18,2,33.98778712895642
0.4924409679549404,2.7674999999999996,8.142630732326157e+18,2,33.98778712895642
0.4942784342532798,2.6950000000000003,7.929318816122493e+18,2,33.98778712895642
0.49611590055161914,2.67,7.855762982948814e+18,2,33.98778712895642
0.4979533668499585,2.825,8.311809148625618e+18,2,33.98778712895642
0.49979083314829775,2.7600000000000002,8.120563982374056e+18,2,33.98778712895642
0.501628299446637,2.755,8.105852815739319e+18,2,33.98778712895642
0.5034657657449764,2.7800000000000002,8.179408648912998e+18,2,33.98778712895642
0.5053032320433157,2.9750000000000005,8.753144147667687e+18,2,33.98778712895642
0.5071406983416551,2.9000000000000004,8.532476648146653e+18,2,33.98778712895642
0.5089781646399945,2.6050000000000004,7.664517816697252e+18,2,33.98778712895642
0.5108156309383337,2.385,7.017226484768884e+18,2,33.98778712895642
0.5126530972366731,2.2,6.472913319283667e+18,2,33.98778712895642
0.5144905635350124,2.135,6.281668153032103e+18,2,33.98778712895642
0.5163280298333518,2.065,6.075711820145805e+18,2,33.98778712895642
0.518165496131691,2.09,6.149267653319483e+18,2,33.98778712895642
0.5200029624300304,2.175,6.399357486109988e+18,2,33.98778712895642
0.5218404287283697,2.175,6.399357486109988e+18,2,33.98778712895642
0.523677895026709,2.1175,6.23017906981053e+18,2,33.98778712895642
0.5255153613250484,2.0774999999999997,6.112489736732643e+18,2,33.98778712895642
0.5273528276233878,2.1975000000000002,6.4655577359663e+18,2,33.98778712895642
0.529190293921727,2.0825,6.12720090336738e+18,2,33.98778712895642
0.5310277602200664,2.1475,6.318446069618943e+18,2,33.98778712895642
0.5328652265184057,1.9225000000000003,5.656443571055841e+18,2,33.98778712895642
0.5347026928167451,1.69,4.972374322540635e+18,2,33.98778712895642
0.5365401591150843,1.7075,5.02386340576221e+18,2,33.98778712895642
0.5383776254134237,1.6575,4.876751739414854e+18,2,33.98778712895642
0.540215091711763,1.6275,4.78848473960644e+18,2,33.98778712895642
0.5420525580101023,1.5175,4.464839073642257e+18,2,33.98778712895642
0.5438900243084417,1.5875,4.670795406528555e+18,2,33.98778712895642
0.545727490606781,1.67,4.913529656001693e+18,2,33.98778712895642
0.5475649569051203,1.8275000000000001,5.376931404995865e+18,2,33.98778712895642
0.5494024232034597,1.9475,5.729999404229518e+18,2,33.98778712895642
0.551239889501799,2.125,6.252245819762633e+18,2,33.98778712895642
0.5530773558001384,2.3775,6.99515973481678e+18,2,33.98778712895642
0.5549148220984776,2.5175,7.407072400589379e+18,2,33.98778712895642
0.556752288396817,2.6525,7.804273899727239e+18,2,33.98778712895642
0.5585897546951564,2.8049999999999997,8.252964482086674e+18,2,33.98778712895642
0.5604272209934956,2.75,8.091141649104584e+18,2,33.98778712895642
0.562264687291835,2.7875,8.201475398865101e+18,2,33.98778712895642
0.5641021535901743,2.7775,8.172053065595629e+18,2,33.98778712895642
0.5659396198885136,2.9124999999999996,8.56925456473349e+18,2,33.98778712895642
0.567777086186853,2.9924999999999997,8.80463323088926e+18,2,33.98778712895642
0.5696145524851923,3.2474999999999996,9.554902729260775e+18,2,33.98778712895642
0.5714520187835317,3.3149999999999995,9.753503478829705e+18,2,33.98778712895642
0.5732894850818709,3.26,9.591680645847615e+18,2,33.98778712895642
0.5751269513802103,3.3449999999999998,9.84177047863812e+18,2,33.98778712895642
0.5769644176785497,3.2249999999999996,9.488702479404466e+18,2,33.98778712895642
0.5788018839768889,3.0949999999999998,9.10621214690134e+18,2,33.98778712895642
0.5806393502752283,3.0,8.826699980841363e+18,2,33.98778712895642
0.5824768165735676,3.09,9.091500980266605e+18,2,33.98778712895642
0.5843142828719069,3.155,9.282746146518168e+18,2,33.98778712895642
0.5861517491702463,3.1425,9.24596822993133e+18,2,33.98778712895642
0.5879892154685856,3.1475,9.260679396566065e+18,2,33.98778712895642
0.589826681766925,3.4074999999999998,1.0025660061572315e+19,2,33.98778712895642
0.5916641480652644,3.4125,1.004037122820705e+19,2,33.98778712895642
0.5935016143636036,3.4325,1.0099215894745993e+19,2,33.98778712895642
0.595339080661943,3.3825,9.952104228398637e+18,2,33.98778712895642
0.5971765469602823,3.4175000000000004,1.0055082394841788e+19,2,33.98778712895642
0.5990140132586216,3.4225,1.0069793561476522e+19,2,33.98778712895642
0.6008514795569609,3.3225000000000002,9.775570228781812e+18,2,33.98778712895642
0.6026889458553002,3.3275000000000006,9.790281395416547e+18,2,33.98778712895642
0.6045264121536396,3.275,9.635814145751822e+18,2,33.98778712895642
0.6063638784519789,3.2199999999999998,9.47399131276973e+18,2,33.98778712895642
0.6082013447503183,3.46,1.018012731123704e+19,2,33.98778712895642
0.6100388110486576,3.7199999999999998,1.094510797624329e+19,2,33.98778712895642
0.6118762773469969,3.9550000000000005,1.1636532808075866e+19,2,33.98778712895642
0.6137137436453363,4.254999999999999,1.251920280616e+19,2,33.98778712895642
0.6155512099436756,3.875,1.1401154141920094e+19,2,33.98778712895642
0.6173886762420149,3.76,1.1062797309321175e+19,2,33.98778712895642
0.6192261425403542,3.7225,1.0952463559560659e+19,2,33.98778712895642
0.6210636088386935,3.5024999999999995,1.0305172227632292e+19,2,33.98778712895642
0.6229010751370329,3.3425,9.834414895320752e+18,2,33.98778712895642
0.6247385414353722,3.4899999999999998,1.0268394311045452e+19,2,33.98778712895642
0.6265760077337116,3.58,1.0533195310470695e+19,2,33.98778712895642
0.628413474032051,3.9899999999999998,1.1739510974519013e+19,2,33.98778712895642
0.6302509403303902,4.205,1.2372091139812645e+19,2,33.98778712895642
0.6320884066287296,4.235,1.246035813962106e+19,2,33.98778712895642
0.6339258729270689,4.092499999999999,1.2041089890531092e+19,2,33.98778712895642
0.6357633392254083,3.9024999999999994,1.148206555841114e+19,2,33.98778712895642
0.6376008055237475,3.7424999999999997,1.1011308226099601e+19,2,33.98778712895642
0.6394382718220868,3.6325,1.0687662560135418e+19,2,33.98778712895642
0.6412757381204262,3.4475,1.01433493946502e+19,2,33.98778712895642
0.6431132044187655,3.3225,9.77557022878181e+18,2,33.98778712895642
0.6449506707171049,3.2375000000000003,9.525480395991306e+18,2,33.98778712895642
0.6467881370154442,3.1025,9.128278896853444e+18,2,33.98778712895642
0.6486256033137835,3.1975000000000007,9.407791062913423e+18,2,33.98778712895642
0.6504630696121229,3.5075000000000003,1.031988339426703e+19,2,33.98778712895642
0.6523005359104622,3.4375,1.0113927061380729e+19,2,33.98778712895642
0.6541380022088016,3.5250000000000004,1.0371372477488603e+19,2,33.98778712895642
0.6559754685071408,3.6250000000000004,1.0665595810183315e+19,2,33.98778712895642
0.6578129348054801,3.6875,1.084948539311751e+19,2,33.98778712895642
0.6596504011038195,3.7925,1.1158419892446958e+19,2,33.98778712895642
0.6614878674021588,3.8075,1.1202553392351164e+19,2,33.98778712895642
0.6633253337004982,3.9274999999999998,1.155562139158482e+19,2,33.98778712895642
0.6651627999988375,4.1274999999999995,1.2144068056974242e+19,2,33.98778712895642
0.6670002662971768,4.1674999999999995,1.2261757390052127e+19,2,33.98778712895642
0.6688377325955162,4.16,1.2239690640100024e+19,2,33.98778712895642
0.6706751988938555,4.109999999999999,1.2092578973752666e+19,2,33.98778712895642
0.6725126651921949,4.02,1.1827777974327427e+19,2,33.98778712895642
0.6743501314905342,4.02,1.1827777974327427e+19,2,33.98778712895642
0.6761875977888734,3.97,1.1680666307980073e+19,2,33.98778712895642
0.6780250640872127,4.0575,1.1938111724087945e+19,2,33.98778712895642
0.6798625303855521,4.0075,1.179100005774059e+19,2,33.98778712895642
0.6816999966838915,4.1325,1.215877922360898e+19,2,33.98778712895642
0.6835374629822308,4.2025,1.2364735556495276e+19,2,33.98778712895642
0.6853749292805701,4.1175,1.211464572370477e+19,2,33.98778712895642
0.6872123955789095,4.1,1.2063156640483197e+19,2,33.98778712895642
0.6890498618772488,3.8875,1.1437932058506934e+19,2,33.98778712895642
0.6908873281755882,3.9225,1.1540910224950084e+19,2,33.98778712895642
0.6927247944739275,3.8699999999999997,1.1386442975285359e+19,2,33.98778712895642
0.6945622607722667,3.8374999999999995,1.1290820392159576e+19,2,33.98778712895642
0.696399727070606,4.015,1.1813066807692691e+19,2,33.98778712895642
0.6982371933689454,4.06,1.1945467307405312e+19,2,33.98778712895642
0.7000746596672848,4.1499999999999995,1.2210268306830551e+19,2,33.98778712895642
0.7019121259656241,4.199999999999999,1.2357379973177907e+19,2,33.98778712895642
0.7037495922639634,4.105,1.2077867807117935e+19,2,33.98778712895642
0.7055870585623027,3.81,1.1209908975668533e+19,2,33.98778712895642
0.7074245248606421,3.8524999999999996,1.1334953892063783e+19,2,33.98778712895642
0.7092619911589815,3.7624999999999997,1.1070152892638544e+19,2,33.98778712895642
0.7110994574573208,3.63,1.068030697681805e+19,2,33.98778712895642
0.71293692375566,3.6574999999999998,1.0761218393309096e+19,2,33.98778712895642
0.7147743900539993,3.8074999999999997,1.1202553392351164e+19,2,33.98778712895642
0.7166118563523387,3.755,1.104808614268644e+19,2,33.98778712895642
0.7184493226506781,3.51,1.0327238977584394e+19,2,33.98778712895642
0.7202867889490174,3.2600000000000002,9.591680645847615e+18,2,33.98778712895642
0.7221242552473567,3.0500000000000003,8.973811647188721e+18,2,33.98778712895642
0.723961721545696,3.095,9.106212146901341e+18,2,33.98778712895642
0.7257991878440354,3.045,8.959100480553984e+18,2,33.98778712895642
0.7276366541423748,3.0300000000000002,8.914966980649778e+18,2,33.98778712895642
0.7294741204407141,2.9275,8.613388064637698e+18,2,33.98778712895642
0.7313115867390533,2.8825,8.480987564925076e+18,2,33.98778712895642
0.7331490530373926,2.8375000000000004,8.348587065212458e+18,2,33.98778712895642
0.734986519335732,2.7875,8.201475398865101e+18,2,33.98778712895642
