temperature_k,electrical_conductance_per_area_s_m^-2,electronic_thermal_conductance_per_area_w_k^-1_m^-2,chemical_potential_ev,transmission_direction,area_angstrom^2
50.0,302777629095084.75,339549504.658774,0.0,1,33.98778712895642
51.75879396984924,302556016828539.7,353122022.8625194,0.0,1,33.98778712895642
53.517587939698494,302363712037736.94,367008426.93040013,0.0,1,33.98778712895642
55.27638190954774,302200389126162.44,381208994.67842615,0.0,1,33.98778712895642
57.03517587939699,302065573242462.44,395721877.08835,0.0,1,33.98778712895642
58.79396984924623,301958680108461.9,410543308.94745666,0.0,1,33.98778712895642
60.552763819095475,301879047413943.9,425667834.90596133,0.0,1,33.98778712895642
62.311557788944725,301825959369999.1,441088543.8565738,0.0,1,33.98778712895642
64.07035175879398,301798665756205.06,456797305.09957814,0.0,1,33.98778712895642
65.82914572864321,301796396568616.75,472785000.5717289,0.0,1,33.98778712895642
67.58793969849246,301818373177248.56,489041748.3562236,0.0,1,33.98778712895642
69.34673366834171,301863816732545.06,505557113.65973145,0.0,1,33.98778712895642
71.10552763819095,301931954418043.0,522320304.37728447,0.0,1,33.98778712895642
72.8643216080402,302022024028105.56,539320349.2267205,0.0,1,33.98778712895642
74.62311557788945,302133277252180.1,556546257.1988246,0.0,1,33.98778712895642
76.3819095477387,302264981967476.44,573987157.7274373,0.0,1,33.98778712895642
78.14070351758794,302416423777474.7,591632421.5343164,0.0,1,33.98778712895642
79.89949748743719,302586906981774.56,609471762.5509129,0.0,1,33.98778712895642
81.65829145728644,302775755121285.44,627495321.6712909,0.0,1,33.98778712895642
83.41708542713567,302982311209765.25,645693733.3570229,0.0,1,33.98778712895642
85.17587939698493,303205937736661.75,664058176.3065437,0.0,1,33.98778712895642
86.93467336683418,303446016505754.4,682580409.5287466,0.0,1,33.98778712895642
88.69346733668343,303701948358147.25,701252795.2337459,0.0,1,33.98778712895642
90.45226130653266,303973152815807.9,720068309.9820818,0.0,1,33.98778712895642
92.21105527638191,304259067672350.94,739020545.5257684,0.0,1,33.98778712895642
93.96984924623115,304559148550521.0,758103700.7380917,0.0,1,33.98778712895642
95.7286432160804,304872868440350.0,777312565.9705296,0.0,1,33.98778712895642
97.48743718592965,305199717227866.25,796642501.1003704,0.0,1,33.98778712895642
99.2462311557789,305539201221199.9,816089408.4463685,0.0,1,33.98778712895642
101.00502512562815,305890842678706.6,835649701.6361927,0.0,1,33.98778712895642
102.76381909547739,306254179342148.94,855320271.4118797,0.0,1,33.98778712895642
104.52261306532664,306628763976838.25,875098449.2607112,0.0,1,33.98778712895642
106.28140703517587,307014163919876.25,894981969.6611383,0.0,1,33.98778712895642
108.04020100502512,307409960637112.2,914968931.6382729,0.0,1,33.98778712895642
109.79899497487438,307815749289101.1,935057760.2323397,0.0,1,33.98778712895642
111.55778894472363,308231138306152.94,955247168.3973687,0.0,1,33.98778712895642
113.31658291457288,308655748972447.94,975536119.7668939,0.0,1,33.98778712895642
115.07537688442211,309089215019153.7,995923792.648985,0.0,1,33.98778712895642
116.83417085427136,309531182226460.9,1016409545.5447679,0.0,1,33.98778712895642
118.5929648241206,309981308034478.1,1036992884.422774,0.0,1,33.98778712895642
120.35175879396985,310439261162942.4,1057673431.9258897,0.0,1,33.98778712895642
122.1105527638191,310904721239731.5,1078450898.6381946,0.0,1,33.98778712895642
123.86934673366835,311377378438195.7,1099325056.4953744,0.0,1,33.98778712895642
125.62814070351759,311856933123338.3,1120295714.3842607,0.0,1,33.98778712895642
127.38693467336684,312343095506899.1,1141362695.94415,0.0,1,33.98778712895642
129.1457286432161,312835585311396.9,1162525819.5544515,0.0,1,33.98778712895642
130.90452261306532,313334131443191.06,1183784880.4695365,0.0,1,33.98778712895642
132.66331658291458,313838471674620.25,1205139635.0420303,0.0,1,33.98778712895642
134.42211055276383,314348352335260.1,1226589786.9598005,0.0,1,33.98778712895642
136.18090452261305,314863528012335.1,1248134975.4092283,0.0,1,33.98778712895642
137.9396984924623,315383761260295.56,1269774765.067574,0.0,1,33.98778712895642
139.69849246231155,315908822319553.8,1291508637.8200712,0.0,1,33.98778712895642
141.4572864321608,316438488844351.2,1313335986.0924945,0.0,1,33.98778712895642
143.21608040201005,316972545639702.7,1335256107.687006,0.0,1,33.98778712895642
144.9748743718593,317510784407345.2,1357268202.0078573,0.0,1,33.98778712895642
146.73366834170855,318053003500590.4,1379371367.563737,0.0,1,33.98778712895642
148.4924623115578,318599007687963.7,1401564600.634991,0.0,1,33.98778712895642
150.25125628140705,319148607925488.44,1423846794.9963942,0.0,1,33.98778712895642
152.0100502512563,319701621137455.25,1446216742.5894015,0.0,1,33.98778712895642
153.76884422110552,320257870005500.6,1468673135.0417726,0.0,1,33.98778712895642
155.52763819095478,320817182765802.25,1491214565.936893,0.0,1,33.98778712895642
157.28643216080403,321379393014186.1,1513839533.7399337,0.0,1,33.98778712895642
159.04522613065328,321944339518927.75,1536546445.2931328,0.0,1,33.98778712895642
160.8040201005025,322511866041021.56,1559333619.797738,0.0,1,33.98778712895642
162.56281407035175,323081821161684.9,1582199293.205517,0.0,1,33.98778712895642
164.321608040201,323654058116857.3,1605141622.9481695,0.0,1,33.98778712895642
166.08040201005025,324228434638451.7,1628158692.938289,0.0,1,33.98778712895642
167.8391959798995,324804812802111.3,1651248518.7808156,0.0,1,33.98778712895642
169.59798994974875,325383058881228.3,1674409053.139043,0.0,1,33.98778712895642
171.356783919598,325963043206975.0,1697638191.2042263,0.0,1,33.98778712895642
173.11557788944725,326544640034108.25,1720933776.2225904,0.0,1,33.98778712895642
174.8743718592965,327127727412302.25,1744293605.0381634,0.0,1,33.98778712895642
176.63316582914575,327712187062775.8,1767715433.614154,0.0,1,33.98778712895642
178.39195979899498,328297904259980.1,1791196982.499749,0.0,1,33.98778712895642
180.15075376884423,328884767718121.0,1814735942.213063,0.0,1,33.98778712895642
181.90954773869348,329472669482295.8,1838329978.514633,0.0,1,33.98778712895642
183.66834170854273,330061504824029.06,1861976737.5492058,0.0,1,33.98778712895642
185.42713567839198,330651172141001.44,1885673850.8367808,0.0,1,33.98778712895642
187.1859296482412,331241572860771.4,1909418940.0967495,0.0,1,33.98778712895642
188.94472361809045,331832611348296.2,1933209621.8916848,0.0,1,33.98778712895642
190.7035175879397,332424194817069.5,1957043512.0798311,0.0,1,33.98778712895642
192.46231155778895,333016233243695.3,1980918230.0675793,0.0,1,33.98778712895642
194.2211055276382,333608639285731.56,2004831402.8553152,0.0,1,33.98778712895642
195.97989949748745,334201328202639.3,2028780668.871883,0.0,1,33.98778712895642
197.7386934673367,334794217779684.1,2052763681.5945795,0.0,1,33.98778712895642
199.49748743718592,335387228254642.4,2076778112.9531863,0.0,1,33.98778712895642
201.25628140703517,335980282247172.06,2100821656.5178218,0.0,1,33.98778712895642
203.01507537688443,336573304690717.75,2124892030.4716554,0.0,1,33.98778712895642
204.77386934673368,337166222766820.5,2148986980.370609,0.0,1,33.98778712895642
206.53266331658293,337758965841717.06,2173104281.6930656,0.0,1,33.98778712895642
208.29145728643218,338351465405113.6,2197241742.1834555,0.0,1,33.98778712895642
210.0502512562814,338943655011028.75,2221397203.994277,0.0,1,33.98778712895642
211.80904522613065,339535470220604.56,2245568545.631755,0.0,1,33.98778712895642
213.5678391959799,340126848546791.94,2269753683.7107697,0.0,1,33.98778712895642
215.32663316582915,340717729400820.2,2293950574.525201,0.0,1,33.98778712895642
217.0854271356784,341308054040366.75,2318157215.440114,0.0,1,33.98778712895642
218.84422110552765,341897765519349.1,2342371646.1125016,0.0,1,33.98778712895642
220.6030150753769,342486808639262.7,2366591949.547521,0.0,1,33.98778712895642
222.36180904522612,343075129901995.56,2390816252.997301,0.0,1,33.98778712895642
224.12060301507537,343662677464055.44,2415042728.7094703,0.0,1,33.98778712895642
225.87939698492463,344249401092143.6,2439269594.5326476,0.0,1,33.98778712895642
227.63819095477388,344835252120023.1,2463495114.38612,0.0,1,33.98778712895642
229.39698492462313,345420183406619.1,2487717598.6008897,0.0,1,33.98778712895642
231.15577889447238,346004149295308.75,2511935404.139248,0.0,1,33.98778712895642
232.91457286432163,346587105574344.56,2536146934.6999106,0.0,1,33.98778712895642
234.67336683417085,347169009438371.94,2560350640.7156377,0.0,1,33.98778712895642
236.4321608040201,347749819450994.06,2584545019.250148,0.0,1,33.98778712895642
238.19095477386935,348329495508346.9,2608728613.8009486,0.0,1,33.98778712895642
239.9497487437186,348907998803645.56,2632900014.014559,0.0,1,33.98778712895642
241.70854271356785,349485291792666.56,2657057855.320402,0.0,1,33.98778712895642
243.4673366834171,350061338160132.5,2681200818.4894686,0.0,1,33.98778712895642
245.22613065326635,350636102786970.25,2705327629.1236205,0.0,1,33.98778712895642
246.98492462311557,351209551718408.0,2729437057.0812283,0.0,1,33.98778712895642
248.74371859296483,351781652132889.0,2753527915.8446093,0.0,1,33.98778712895642
250.50251256281408,352352372311771.94,2777599061.834502,0.0,1,33.98778712895642
252.26130653266333,352921681609794.4,2801649393.6766267,0.0,1,33.98778712895642
254.02010050251258,353489550426275.5,2825677851.4251223,0.0,1,33.98778712895642
255.77889447236183,354055950177037.06,2849683415.747489,0.0,1,33.98778712895642
257.53768844221105,354620853267018.75,2873665107.075375,0.0,1,33.98778712895642
259.2964824120603,355184233063571.94,2897621984.7254033,0.0,1,33.98778712895642
261.05527638190955,355746063870408.4,2921553145.9939823,0.0,1,33.98778712895642
262.8140703517588,356306320902190.0,2945457725.229835,0.0,1,33.98778712895642
264.57286432160805,356864980259739.9,2969334892.8878202,0.0,1,33.98778712895642
266.3316582914573,357422018905858.7,2993183854.567355,0.0,1,33.98778712895642
268.09045226130655,357977414641731.6,3017003850.038614,0.0,1,33.98778712895642
269.8492462311558,358531146083910.0,3040794152.2594714,0.0,1,33.98778712895642
271.608040201005,359083192641854.5,3064554066.385953,0.0,1,33.98778712895642
273.3668341708543,359633534496023.94,3088282928.7788134,0.0,1,33.98778712895642
275.1256281407035,360182152576499.8,3111980106.00867,0.0,1,33.98778712895642
276.8844221105528,360729028542130.4,3135644993.8619814,0.0,1,33.98778712895642
278.643216080402,361274144760185.56,3159277016.3499346,0.0,1,33.98778712895642
280.4020100502513,361817484286507.94,3182875624.722287,0.0,1,33.98778712895642
282.1608040201005,362359030846150.2,3206440296.487873,0.0,1,33.98778712895642
283.91959798994975,362898768814488.06,3229970534.44354,0.0,1,33.98778712895642
285.678391959799,363436683198797.5,3253465865.713001,0.0,1,33.98778712895642
287.43718592964825,363972759620286.2,3276925840.797042,0.0,1,33.98778712895642
289.1959798994975,364506984296569.44,3300350032.636354,0.0,1,33.98778712895642
290.95477386934675,365039344024580.8,3323738035.688197,0.0,1,33.98778712895642
292.713567839196,365569826163908.25,3347089465.0179205,0.0,1,33.98778712895642
294.4723618090452,366098418620545.9,3370403955.4063263,0.0,1,33.98778712895642
296.2311557788945,366625109831053.94,3393681160.4737425,0.0,1,33.98778712895642
297.9899497487437,367149888747116.5,3416920751.8215203,0.0,1,33.98778712895642
299.748743718593,367672744820490.1,3440122418.191707,0.0,1,33.98778712895642
301.5075376884422,368193667988333.5,3463285864.6454134,0.0,1,33.98778712895642
303.2663316582915,368712648658912.06,3486410811.7604456,0.0,1,33.98778712895642
305.0251256281407,369229677697667.56,3509496994.848579,0.0,1,33.98778712895642
306.78391959798995,369744746413646.5,3532544163.192914,0.0,1,33.98778712895642
308.5427135678392,370257846546278.7,3555552079.3055305,0.0,1,33.98778712895642
310.30150753768845,370768970252499.44,3578520518.205737,0.0,1,33.98778712895642
312.0603015075377,371278110094207.75,3601449266.719088,0.0,1,33.98778712895642
313.81909547738695,371785259026052.9,3624338122.79725,0.0,1,33.98778712895642
315.5778894472362,372290410383542.6,3647186894.8588367,0.0,1,33.98778712895642
317.33668341708545,372793557871468.3,3669995401.151233,0.0,1,33.98778712895642
319.0954773869347,373294695552634.56,3692763469.133355,0.0,1,33.98778712895642
320.85427135678395,373793817836894.5,3715490934.879316,0.0,1,33.98778712895642
322.61306532663315,374290919470477.3,3738177642.5029125,0.0,1,33.98778712895642
324.3718592964824,374785995525605.56,3760823443.6027627,0.0,1,33.98778712895642
326.13065326633165,375279041390394.9,3783428196.7279444,0.0,1,33.98778712895642
327.8894472361809,375770052759029.9,3805991766.863966,0.0,1,33.98778712895642
329.64824120603015,376259025622209.75,3828514024.9388084,0.0,1,33.98778712895642
331.4070351758794,376745956257858.56,3850994847.3488135,0.0,1,33.98778712895642
333.16582914572865,377230841222093.56,3873434115.5041494,0.0,1,33.98778712895642
334.9246231155779,377713677340446.8,3895831715.3935566,0.0,1,33.98778712895642
336.68341708542715,378194461699331.56,3918187537.168065,0.0,1,33.98778712895642
338.4422110552764,378673191637752.9,3940501474.7433696,0.0,1,33.98778712895642
340.20100502512565,379149864739251.25,3962773425.420509,0.0,1,33.98778712895642
341.9597989949749,379624478824078.25,3985003289.5245013,0.0,1,33.98778712895642
343.71859296482415,380097031941597.0,4007190970.0605803,0.0,1,33.98778712895642
345.4773869346734,380567522362901.6,4029336372.387641,0.0,1,33.98778712895642
347.2361809045226,381035948573652.5,4051439403.908523,0.0,1,33.98778712895642
348.99497487437185,381502309267120.0,4073499973.77674,0.0,1,33.98778712895642
350.7537688442211,381966603337434.25,4095517992.6192575,0.0,1,33.98778712895642
352.51256281407035,382428829873033.5,4117493372.2749085,0.0,1,33.98778712895642
354.2713567839196,382888988150307.75,4139426025.548059,0.0,1,33.98778712895642
356.03015075376885,383347077627433.4,4161315865.9771066,0.0,1,33.98778712895642
357.7889447236181,383803097938392.1,4183162807.6173816,0.0,1,33.98778712895642
359.54773869346735,384257048887172.5,4204966764.838089,0.0,1,33.98778712895642
361.3065326633166,384708930442146.75,4226727652.132833,0.0,1,33.98778712895642
363.06532663316585,385158742730620.75,4248445383.9433146,0.0,1,33.98778712895642
364.8241206030151,385606486033551.25,4270119874.4958477,0.0,1,33.98778712895642
366.58291457286435,386052160780427.4,4291751037.6502075,0.0,1,33.98778712895642
368.3417085427136,386495767544310.75,4313338786.760468,0.0,1,33.98778712895642
370.1005025125628,386937307037032.06,4334883034.547391,0.0,1,33.98778712895642
371.85929648241205,387376780104538.56,4356383692.982001,0.0,1,33.98778712895642
373.6180904522613,387814187722388.75,4377840673.179914,0.0,1,33.98778712895642
375.37688442211055,388249530991390.9,4399253885.306044,0.0,1,33.98778712895642
377.1356783919598,388682811133382.2,4420623238.489328,0.0,1,33.98778712895642
378.89447236180905,389114029487142.3,4441948640.747068,0.0,1,33.98778712895642
380.6532663316583,389543187504441.2,4463229998.918492,0.0,1,33.98778712895642
382.41206030150755,389970286746214.6,4484467218.607219,0.0,1,33.98778712895642
384.1708542713568,390395328878865.75,4505660204.132228,0.0,1,33.98778712895642
385.92964824120605,390818315670688.2,4526808858.48699,0.0,1,33.98778712895642
387.6884422110553,391239248988408.5,4547913083.306404,0.0,1,33.98778712895642
389.44723618090455,391658130793843.0,4568972778.841216,0.0,1,33.98778712895642
391.2060301507538,392074963140667.2,4589987843.939551,0.0,1,33.98778712895642
392.96482412060305,392489748171294.8,4610958176.035269,0.0,1,33.98778712895642
394.72361809045225,392902488113861.56,4631883671.142802,0.0,1,33.98778712895642
396.4824120603015,393313185279312.0,4652764223.858151,0.0,1,33.98778712895642
398.24120603015075,393721842058587.2,4673599727.365758,0.0,1,33.98778712895642
400.0,394128460919908.3,4694390073.450938,0.0,1,33.98778712895642
