temperature_k,electrical_conductance_per_area_s_m^-2,electronic_thermal_conductance_per_area_w_k^-1_m^-2,chemical_potential_ev,transmission_direction,area_angstrom^2
50.0,302793889625331.6,339698169.49673593,0.0,2,33.98778712895642
51.75879396984924,302573128390876.06,353266486.20811003,0.0,2,33.98778712895642
53.517587939698494,302381622148630.9,367148918.8609902,0.0,2,33.98778712895642
55.27638190954774,302219048639457.1,381345904.4148679,0.0,2,33.98778712895642
57.03517587939699,302084937298456.44,395855726.32164764,0.0,2,33.98778712895642
58.79396984924623,301978708789669.75,410674725.6279294,0.0,2,33.98778712895642
60.552763819095475,301899706145720.1,425797528.20309097,0.0,2,33.98778712895642
62.311557788944725,301847219104815.25,441217280.8011262,0.0,2,33.98778712895642
64.07035175879398,301820502979108.5,456925889.25199986,0.0,2,33.98778712895642
65.82914572864321,301818793158893.44,472914252.9217836,0.0,2,33.98778712895642
67.58793969849246,301841316158069.2,489172490.546521,0.0,2,33.98778712895642
69.34673366834171,301887297936757.5,505690153.5375709,0.0,2,33.98778712895642
71.10552763819095,301955970094549.94,522456423.81210536,0.0,2,33.98778712895642
72.8643216080402,302046574409630.25,539460294.081336,0.0,2,33.98778712895642
74.62311557788945,302158366101789.8,556690729.3085669,0.0,2,33.98778712895642
76.3819095477387,302290616118084.75,574136808.7196081,0.0,2,33.98778712895642
78.14070351758794,302442612675720.3,591787848.3084913,0.0,2,33.98778712895642
79.89949748743719,302613662245181.4,609633504.2365415,0.0,2,33.98778712895642
81.65829145728644,302803090115456.2,627663857.8808502,0.0,2,33.98778712895642
83.41708542713567,303010240650521.2,645869483.5591787,0.0,2,33.98778712895642
85.17587939698493,303234477320494.3,664241500.1531067,0.0,2,33.98778712895642
86.93467336683418,303475182570674.94,682771607.9806118,0.0,2,33.98778712895642
88.69346733668343,303731757575977.3,701452112.3437029,0.0,2,33.98778712895642
90.45226130653266,304003621916116.75,720275935.2056799,0.0,2,33.98778712895642
92.21105527638191,304290213197588.5,739236616.4448664,0.0,2,33.98778712895642
93.96984924623115,304590986641391.0,758328306.0948993,0.0,2,33.98778712895642
95.7286432160804,304905414650092.94,777545748.9226211,0.0,2,33.98778712895642
97.48743718592965,305232986363852.56,796884262.6191074,0.0,2,33.98778712895642
99.2462311557789,305573207212058.3,816339710.7922904,0.0,2,33.98778712895642
101.00502512562815,305925598465104.0,835908471.8551493,0.0,2,33.98778712895642
102.76381909547739,306289696789288.3,855587404.8049685,0.0,2,33.98778712895642
104.52261306532664,306665053806743.5,875373812.7894199,0.0,2,33.98778712895642
106.28140703517587,307051235661561.0,895265405.2565273,0.0,2,33.98778712895642
108.04020100502512,307447822592792.6,915260259.3895907,0.0,2,33.98778712895642
109.79899497487438,307854408514691.75,935356781.4361928,0.0,2,33.98778712895642
111.55778894472363,308270600604377.8,955553668.4535418,0.0,2,33.98778712895642
113.31658291457288,308696018897003.94,975849870.9111787,0.0,2,33.98778712895642
115.07537688442211,309130295888467.7,996244556.5169983,0.0,2,33.98778712895642
116.83417085427136,309573076145697.4,1016737075.5637981,0.0,2,33.98778712895642
118.5929648241206,310024015924558.94,1037326928.0312247,0.0,2,33.98778712895642
120.35175879396985,310482782795450.5,1058013732.6219676,0.0,2,33.98778712895642
122.1105527638191,310949055276676.56,1078797197.861178,0.0,2,33.98778712895642
123.86934673366835,311422522475714.8,1099677095.3441179,0.0,2,33.98778712895642
125.62814070351759,311902883738504.3,1120653235.1786265,0.0,2,33.98778712895642
127.38693467336684,312389848306894.44,1141725443.6358275,0.0,2,33.98778712895642
129.1457286432161,312883134984396.56,1162893542.9941719,0.0,2,33.98778712895642
130.90452261306532,313382471810374.2,1184157333.5380523,0.0,2,33.98778712895642
132.66331658291458,313887595742799.56,1205516577.6524396,0.0,2,33.98778712895642
134.42211055276383,314398252349687.0,1226970985.938882,0.0,2,33.98778712895642
136.18090452261305,314914195509294.94,1248520205.265412,0.0,2,33.98778712895642
137.9396984924623,315435187119162.5,1270163808.6530857,0.0,2,33.98778712895642
139.69849246231155,315960996814025.56,1291901286.8945975,0.0,2,33.98778712895642
141.4572864321608,316491401692625.3,1313732041.7955005,0.0,2,33.98778712895642
143.21608040201005,317026186053397.5,1335655380.9255712,0.0,2,33.98778712895642
144.9748743718593,317565141139004.5,1357670513.7666051,0.0,2,33.98778712895642
146.73366834170855,318108064889641.75,1379776549.1431243,0.0,2,33.98778712895642
148.4924623115578,318654761705027.94,1401972493.8239117,0.0,2,33.98778712895642
150.25125628140705,319205042214964.2,1424257252.184717,0.0,2,33.98778712895642
152.0100502512563,319758723058322.5,1446629626.825746,0.0,2,33.98778712895642
153.76884422110552,320315626670307.8,1469088320.0415173,0.0,2,33.98778712895642
155.52763819095478,320875581077817.5,1491631936.0450737,0.0,2,33.98778712895642
157.28643216080403,321438419702706.56,1514258983.8534212,0.0,2,33.98778712895642
159.04522613065328,322003981172755.3,1536967880.7461581,0.0,2,33.98778712895642
160.8040201005025,322572109140122.25,1559756956.2145805,0.0,2,33.98778712895642
162.56281407035175,323142652107058.94,1582624456.3238924,0.0,2,33.98778712895642
164.321608040201,323715463258653.3,1605568548.4166028,0.0,2,33.98778712895642
166.08040201005025,324290400302366.3,1628587326.0905392,0.0,2,33.98778712895642
167.8391959798995,324867325314119.25,1651678814.3901653,0.0,2,33.98778712895642
169.59798994974875,325446104590692.1,1674840975.1550853,0.0,2,33.98778712895642
171.356783919598,326026608508187.8,1698071712.474567,0.0,2,33.98778712895642
173.11557788944725,326608711386323.7,1721368878.2017095,0.0,2,33.98778712895642
174.8743718592965,327192291358308.75,1744730277.4854953,0.0,2,33.98778712895642
176.63316582914575,327777230246072.7,1768153674.283298,0.0,2,33.98778712895642
178.39195979899498,328363413440614.3,1791636796.8205628,0.0,2,33.98778712895642
180.15075376884423,328950729787242.4,1815177342.9682605,0.0,2,33.98778712895642
181.90954773869348,329539071475490.1,1838772985.5123587,0.0,2,33.98778712895642
183.66834170854273,330128333933484.6,1862421377.2929637,0.0,2,33.98778712895642
185.42713567839198,330718415726568.9,1886120156.1939545,0.0,2,33.98778712895642
187.1859296482412,331309218459969.56,1909866949.9668646,0.0,2,33.98778712895642
188.94472361809045,331900646685321.6,1933659380.875459,0.0,2,33.98778712895642
190.7035175879397,332492607810859.44,1957495070.1499572,0.0,2,33.98778712895642
192.46231155778895,333085012015099.25,1981371642.2421162,0.0,2,33.98778712895642
194.2211055276382,333677772163839.06,2005286728.8744726,0.0,2,33.98778712895642
195.97989949748745,334270803730313.94,2029237972.878907,0.0,2,33.98778712895642
197.7386934673367,334864024718348.4,2053223031.8213904,0.0,2,33.98778712895642
199.49748743718592,335457355588360.8,2077239581.4113348,0.0,2,33.98778712895642
201.25628140703517,336050719186074.75,2101285318.6952932,0.0,2,33.98778712895642
203.01507537688443,336644040673804.9,2125357965.0359738,0.0,2,33.98778712895642
204.77386934673368,337237247464188.2,2149455268.8786483,0.0,2,33.98778712895642
206.53266331658293,337830269156243.5,2173575008.3079305,0.0,2,33.98778712895642
208.29145728643218,338423037473639.44,2197714993.3987303,0.0,2,33.98778712895642
210.0502512562814,339015486205068.1,2221873068.365934,0.0,2,33.98778712895642
211.80904522613065,339607551146618.7,2246047113.51792,0.0,2,33.98778712895642
213.5678391959799,340199170046056.75,2270235047.01956,0.0,2,33.98778712895642
215.32663316582915,340790282548917.5,2294434826.470769,0.0,2,33.98778712895642
217.0854271356784,341380830146327.75,2318644450.3070407,0.0,2,33.98778712895642
218.84422110552765,341970756124476.0,2342861959.028607,0.0,2,33.98778712895642
220.6030150753769,342560005515653.94,2367085436.265174,0.0,2,33.98778712895642
222.36180904522612,343148525050800.0,2391313009.6832504,0.0,2,33.98778712895642
224.12060301507537,343736263113475.44,2415542851.743217,0.0,2,33.98778712895642
225.87939698492463,344323169695211.06,2439773180.313347,0.0,2,33.98778712895642
227.63819095477388,344909196352166.1,2464002259.1479783,0.0,2,33.98778712895642
229.39698492462313,345494296163041.2,2488228398.237002,0.0,2,33.98778712895642
231.15577889447238,346078423688195.06,2512449954.0338154,0.0,2,33.98778712895642
232.91457286432163,346661534929915.56,2536665329.5687456,0.0,2,33.98778712895642
234.67336683417085,347243587293796.6,2560872974.454859,0.0,2,33.98778712895642
236.4321608040201,347824539551181.3,2585071384.7929497,0.0,2,33.98778712895642
238.19095477386935,348404351802626.06,2609259102.98232,0.0,2,33.98778712895642
239.9497487437186,348982985442350.8,2633434717.443808,0.0,2,33.98778712895642
241.70854271356785,349560403123636.8,2657596862.2613535,0.0,2,33.98778712895642
243.4673366834171,350136568725139.25,2681744216.7481585,0.0,2,33.98778712895642
245.22613065326635,350711447318082.0,2705875504.9433346,0.0,2,33.98778712895642
246.98492462311557,351285005134304.0,2729989495.044714,0.0,2,33.98778712895642
248.74371859296483,351857209535130.1,2754084998.7832766,0.0,2,33.98778712895642
250.50251256281408,352428028981036.75,2778160870.744433,0.0,2,33.98778712895642
252.26130653266333,352997433002090.9,2802216007.641206,0.0,2,33.98778712895642
254.02010050251258,353565392169134.0,2826249347.5441017,0.0,2,33.98778712895642
255.77889447236183,354131878065691.94,2850259869.0722876,0.0,2,33.98778712895642
257.53768844221105,354696863260585.7,2874246590.5504127,0.0,2,33.98778712895642
259.2964824120603,355260321281227.5,2898208569.1352887,0.0,2,33.98778712895642
261.05527638190955,355822226587575.75,2922144899.9163346,0.0,2,33.98778712895642
262.8140703517588,356382554546737.75,2946054714.993554,0.0,2,33.98778712895642
264.57286432160805,356941281408197.2,2969937182.536596,0.0,2,33.98778712895642
266.3316582914573,357498384279653.25,2993791505.8282313,0.0,2,33.98778712895642
268.09045226130655,358053841103452.06,3017616922.295395,0.0,2,33.98778712895642
269.8492462311558,358607630633598.5,3041412702.5307784,0.0,2,33.98778712895642
271.608040201005,359159732413331.2,3065178149.3077416,0.0,2,33.98778712895642
273.3668341708543,359710126753248.8,3088912596.59115,0.0,2,33.98778712895642
275.1256281407035,360258794709971.3,3112615408.5465875,0.0,2,33.98778712895642
276.8844221105528,360805718065327.1,3136285978.550214,0.0,2,33.98778712895642
278.643216080402,361350879306050.6,3159923728.201363,0.0,2,33.98778712895642
280.4020100502513,361894261603978.8,3183528106.339895,0.0,2,33.98778712895642
282.1608040201005,362435848796737.06,3207098588.0700507,0.0,2,33.98778712895642
283.91959798994975,362975625368900.8,3230634673.792555,0.0,2,33.98778712895642
285.678391959799,363513576433623.2,3254135888.2464623,0.0,2,33.98778712895642
287.43718592964825,364049687714719.7,3277601779.562198,0.0,2,33.98778712895642
289.1959798994975,364583945529195.94,3301031918.3270626,0.0,2,33.98778712895642
290.95477386934675,365116336770213.56,3324425896.664388,0.0,2,33.98778712895642
292.713567839196,365646848890480.56,3347783327.3274336,0.0,2,33.98778712895642
294.4723618090452,366175469886059.5,3371103842.808938,0.0,2,33.98778712895642
296.2311557788945,366702188280583.4,3394387094.467254,0.0,2,33.98778712895642
297.9899497487437,367226993109869.94,3417632751.669775,0.0,2,33.98778712895642
299.748743718593,367749873906928.0,3440840500.9543695,0.0,2,33.98778712895642
301.5075376884422,368270820687343.9,3464010045.2094088,0.0,2,33.98778712895642
303.2663316582915,368789823935043.9,3487141102.872915,0.0,2,33.98778712895642
305.0251256281407,369306874588421.3,3510233407.1512337,0.0,2,33.98778712895642
306.78391959798995,369821964026822.4,3533286705.2576594,0.0,2,33.98778712895642
308.5427135678392,370335084057382.3,3556300757.671261,0.0,2,33.98778712895642
310.30150753768845,370846226902204.75,3579275337.4161773,0.0,2,33.98778712895642
312.0603015075377,371355385185877.2,3602210229.3615746,0.0,2,33.98778712895642
313.81909547738695,371862551923313.9,3625105229.542372,0.0,2,33.98778712895642
315.5778894472362,372367720507921.0,3647960144.500804,0.0,2,33.98778712895642
317.33668341708545,372870884700076.6,3670774790.648908,0.0,2,33.98778712895642
319.0954773869347,373372038615917.7,3693548993.6518393,0.0,2,33.98778712895642
320.85427135678395,373871176716429.06,3716282587.83202,0.0,2,33.98778712895642
322.61306532663315,374368293796825.4,3738975415.5940185,0.0,2,33.98778712895642
324.3718592964824,374863384976223.5,3761627326.8700023,0.0,2,33.98778712895642
326.13065326633165,375356445687594.5,3784238178.585619,0.0,2,33.98778712895642
327.8894472361809,375847471667992.75,3806807834.146146,0.0,2,33.98778712895642
329.64824120603015,376336458949053.5,3829336162.94263,0.0,2,33.98778712895642
331.4070351758794,376823403847754.6,3851823039.877823,0.0,2,33.98778712895642
333.16582914572865,377308302957435.44,3874268344.911633,0.0,2,33.98778712895642
334.9246231155779,377791153139068.56,3896671962.625784,0.0,2,33.98778712895642
336.68341708542715,378271951512775.4,3919033781.8074207,0.0,2,33.98778712895642
338.4422110552764,378750695449585.1,3941353695.0512924,0.0,2,33.98778712895642
340.20100502512565,379227382563426.0,3963631598.380217,0.0,2,33.98778712895642
341.9597989949749,379702010703348.5,3985867390.8834386,0.0,2,33.98778712895642
343.71859296482415,380174577945971.06,4008060974.372555,0.0,2,33.98778712895642
345.4773869346734,380645082588145.94,4030212253.054617,0.0,2,33.98778712895642
347.2361809045226,381113523139837.7,4052321133.222018,0.0,2,33.98778712895642
348.99497487437185,381579898317212.1,4074387522.958806,0.0,2,33.98778712895642
350.7537688442211,382044207035928.44,4096411331.8630104,0.0,2,33.98778712895642
352.51256281407035,382506448404628.94,4118392470.7845726,0.0,2,33.98778712895642
354.2713567839196,382966621718625.6,4140330851.578512,0.0,2,33.98778712895642
356.03015075376885,383424726453773.8,4162226386.8728843,0.0,2,33.98778712895642
357.7889447236181,383880762260532.2,4184078989.85113,0.0,2,33.98778712895642
359.54773869346735,384334728958202.0,4205888574.0484476,0.0,2,33.98778712895642
361.3065326633166,384786626529342.94,4227655053.161712,0.0,2,33.98778712895642
363.06532663316585,385236455114360.06,4249378340.8725777,0.0,2,33.98778712895642
364.8241206030151,385684215006257.7,4271058350.683352,0.0,2,33.98778712895642
366.58291457286435,386129906645556.3,4292694995.7652225,0.0,2,33.98778712895642
368.3417085427136,386573530615368.44,4314288188.818429,0.0,2,33.98778712895642
370.1005025125628,387015087636628.9,4335837841.944007,0.0,2,33.98778712895642
371.85929648241205,387454578563475.0,4357343866.526681,0.0,2,33.98778712895642
373.6180904522613,387892004378775.75,4378806173.128516,0.0,2,33.98778712895642
375.37688442211055,388327366189800.56,4400224671.39296,0.0,2,33.98778712895642
377.1356783919598,388760665224030.4,4421599269.958861,0.0,2,33.98778712895642
378.89447236180905,389191902825101.7,4442929876.384127,0.0,2,33.98778712895642
380.6532663316583,389621080448883.44,4464216397.07859,0.0,2,33.98778712895642
382.41206030150755,390048199659682.4,4485458737.245785,0.0,2,33.98778712895642
384.1708542713568,390473262126572.0,4506656800.833213,0.0,2,33.98778712895642
385.92964824120605,390896269619844.44,4527810490.490784,0.0,2,33.98778712895642
387.6884422110553,391317224007578.3,4548919707.537063,0.0,2,33.98778712895642
389.44723618090455,391736127252322.75,4569984351.9329815,0.0,2,33.98778712895642
391.2060301507538,392152981407892.56,4591004322.262704,0.0,2,33.98778712895642
392.96482412060305,392567788616270.9,4611979515.721285,0.0,2,33.98778712895642
394.72361809045225,392980551104618.2,4632909828.108825,0.0,2,33.98778712895642
396.4824120603015,393391271182382.94,4653795153.8308,0.0,2,33.98778712895642
398.24120603015075,393799951238511.1,4674635385.904255,0.0,2,33.98778712895642
400.0,394206593738753.25,4695430415.9695835,0.0,2,33.98778712895642
