temperature_k,electrical_conductance_per_area_s_m^-2,electronic_thermal_conductance_per_area_w_k^-1_m^-2,chemical_potential_ev,transmission_direction,area_angstrom^2
50.0,407842599246985.6,463617127.4530982,0.0,1,33.98778712895642
51.75879396984924,406940747224832.6,481196642.59556663,0.0,1,33.98778712895642
53.517587939698494,406101164386073.9,498978864.89552146,0.0,1,33.98778712895642
55.27638190954774,405321972240096.06,516954000.55279434,0.0,1,33.98778712895642
57.03517587939699,404601174143953.4,535111882.0804803,0.0,1,33.98778712895642
58.79396984924623,403936683614729.8,553442196.3680758,0.0,1,33.98778712895642
60.552763819095475,403326349944714.1,571934667.5303594,0.0,1,33.98778712895642
62.311557788944725,402767981150786.8,590579201.2973269,0.0,1,33.98778712895642
64.07035175879398,402259364330226.1,609365997.1947138,0.0,1,33.98778712895642
65.82914572864321,401798283529592.7,628285634.0744197,0.0,1,33.98778712895642
67.58793969849246,401382535260191.94,647329133.7980603,0.0,1,33.98778712895642
69.34673366834171,401009941812807.44,666488007.1313521,0.0,1,33.98778712895642
71.10552763819095,400678362536600.4,685754285.217686,0.0,1,33.98778712895642
72.8643216080402,400385703253258.7,705120539.389563,0.0,1,33.98778712895642
74.62311557788945,400129923978676.8,724579891.555101,0.0,1,33.98778712895642
76.3819095477387,399909045121724.3,744126016.9625738,0.0,1,33.98778712895642
78.14070351758794,399721152323909.5,763753140.7921286,0.0,1,33.98778712895642
79.89949748743719,399564400095811.7,783456029.740872,0.0,1,33.98778712895642
81.65829145728644,399437014396723.2,803229979.5445395,0.0,1,33.98778712895642
83.41708542713567,399337294293561.2,823070799.2054334,0.0,1,33.98778712895642
85.17587939698493,399263612824266.94,842974792.562345,0.0,1,33.98778712895642
86.93467336683418,399214417179927.75,862938737.7350799,0.0,1,33.98778712895642
88.69346733668343,399188228309043.0,882959864.8967857,0.0,1,33.98778712895642
90.45226130653266,399183640036881.3,903035832.7654209,0.0,1,33.98778712895642
92.21105527638191,399199317782909.1,923164704.1566838,0.0,1,33.98778712895642
93.96984924623115,399233996949900.3,943344920.9008989,0.0,1,33.98778712895642
95.7286432160804,399286481049607.94,963575278.3928778,0.0,1,33.98778712895642
97.48743718592965,399355639621853.25,983854900.0147054,0.0,1,33.98778712895642
99.2462311557789,399440405996533.6,1004183211.645322,0.0,1,33.98778712895642
101.00502512562815,399539774941388.4,1024559916.4466877,0.0,1,33.98778712895642
102.76381909547739,399652800232348.94,1044984970.0937818,0.0,1,33.98778712895642
104.52261306532664,399778592177913.56,1065458556.5941895,0.0,1,33.98778712895642
106.28140703517587,399916315124187.5,1085981064.8225994,0.0,1,33.98778712895642
108.04020100502512,400065184962971.8,1106553065.876006,0.0,1,33.98778712895642
109.79899497487438,400224466661532.8,1127175291.3368948,0.0,1,33.98778712895642
111.55778894472363,400393471829387.75,1147848612.514211,0.0,1,33.98778712895642
113.31658291457288,400571556334566.0,1168574020.7155957,0.0,1,33.98778712895642
115.07537688442211,400758117979304.0,1189352608.589256,0.0,1,33.98778712895642
116.83417085427136,400952594242966.7,1210185552.5599945,0.0,1,33.98778712895642
118.5929648241206,401154460098126.44,1231074096.3714197,0.0,1,33.98778712895642
120.35175879396985,401363225904139.6,1252019535.735151,0.0,1,33.98778712895642
122.1105527638191,401578435381197.56,1273023204.0779781,0.0,1,33.98778712895642
123.86934673366835,401799663666687.94,1294086459.3693683,0.0,1,33.98778712895642
125.62814070351759,402026515454731.7,1315210672.0043933,0.0,1,33.98778712895642
127.38693467336684,402258623218960.6,1336397213.7110124,0.0,1,33.98778712895642
129.1457286432161,402495645517933.8,1357647447.4456396,0.0,1,33.98778712895642
130.90452261306532,402737265382050.1,1378962718.2369392,0.0,1,33.98778712895642
132.66331658291458,402983188780371.06,1400344344.934742,0.0,1,33.98778712895642
134.42211055276383,403233143165423.94,1421793612.8187892,0.0,1,33.98778712895642
136.18090452261305,403486876093781.56,1443311767.020589,0.0,1,33.98778712895642
137.9396984924623,403744153920008.0,1464900006.7109118,0.0,1,33.98778712895642
139.69849246231155,404004760561412.8,1486559480.0052729,0.0,1,33.98778712895642
141.4572864321608,404268496330950.94,1508291279.5400877,0.0,1,33.98778712895642
143.21608040201005,404535176835543.3,1530096438.6729398,0.0,1,33.98778712895642
144.9748743718593,404804631937064.94,1551975928.2615113,0.0,1,33.98778712895642
146.73366834170855,405076704773242.25,1573930653.9771068,0.0,1,33.98778712895642
148.4924623115578,405351250835722.5,1595961454.1103485,0.0,1,33.98778712895642
150.25125628140705,405628137102616.5,1618069097.8284009,0.0,1,33.98778712895642
152.0100502512563,405907241222869.1,1640254283.844994,0.0,1,33.98778712895642
153.76884422110552,406188450749876.75,1662517639.4665675,0.0,1,33.98778712895642
155.52763819095478,406471662421840.4,1684859719.979864,0.0,1,33.98778712895642
157.28643216080403,406756781486430.9,1707281008.3484032,0.0,1,33.98778712895642
159.04522613065328,407043721067420.0,1729781915.1873562,0.0,1,33.98778712895642
160.8040201005025,407332401571023.7,1752362778.988341,0.0,1,33.98778712895642
162.56281407035175,407622750129792.8,1775023866.567681,0.0,1,33.98778712895642
164.321608040201,407914700081977.4,1797765373.713598,0.0,1,33.98778712895642
166.08040201005025,408208190484382.25,1820587426.0096817,0.0,1,33.98778712895642
167.8391959798995,408503165656820.4,1843490079.8137195,0.0,1,33.98778712895642
169.59798994974875,408799574756361.25,1866473323.372735,0.0,1,33.98778712895642
171.356783919598,409097371379657.0,1889537078.056621,0.0,1,33.98778712895642
173.11557788944725,409396513191713.8,1912681199.6942992,0.0,1,33.98778712895642
174.8743718592965,409696961579560.6,1935905479.9977624,0.0,1,33.98778712895642
176.63316582914575,409998681329341.7,1959209648.0606678,0.0,1,33.98778712895642
178.39195979899498,410301640325443.75,1982593371.9193861,0.0,1,33.98778712895642
180.15075376884423,410605809270334.56,2006056260.1655676,0.0,1,33.98778712895642
181.90954773869348,410911161423866.25,2029597863.600356,0.0,1,33.98778712895642
183.66834170854273,411217672360862.1,2053217676.9213176,0.0,1,33.98778712895642
185.42713567839198,411525319745869.75,2076915140.4341214,0.0,1,33.98778712895642
187.1859296482412,411834083124028.44,2100689641.781773,0.0,1,33.98778712895642
188.94472361809045,412143943727053.1,2124540517.6849887,0.0,1,33.98778712895642
190.7035175879397,412454884293397.2,2148467055.687993,0.0,1,33.98778712895642
192.46231155778895,412766888901708.44,2172468495.904622,0.0,1,33.98778712895642
194.2211055276382,413079942816741.7,2196544032.7602386,0.0,1,33.98778712895642
195.97989949748745,413394032346942.7,2220692816.7254205,0.0,1,33.98778712895642
197.7386934673367,413709144712959.9,2244913956.037902,0.0,1,33.98778712895642
199.49748743718592,414025267926387.25,2269206518.4096537,0.0,1,33.98778712895642
201.25628140703517,414342390678079.0,2293569532.7163787,0.0,1,33.98778712895642
203.01507537688443,414660502235418.7,2318001990.6670094,0.0,1,33.98778712895642
204.77386934673368,414979592347959.06,2342502848.4511786,0.0,1,33.98778712895642
206.53266331658293,415299651160885.06,2367071028.362823,0.0,1,33.98778712895642
208.29145728643218,415620669135786.2,2391705420.398404,0.0,1,33.98778712895642
210.0502512562814,415942636978249.8,2416404883.8283916,0.0,1,33.98778712895642
211.80904522613065,416265545571825.7,2441168248.7409253,0.0,1,33.98778712895642
213.5678391959799,416589385917927.6,2465994317.5566673,0.0,1,33.98778712895642
215.32663316582915,416914149081274.7,2490881866.514089,0.0,1,33.98778712895642
217.0854271356784,417239826140492.9,2515829647.124543,0.0,1,33.98778712895642
218.84422110552765,417566408143521.4,2540836387.5965796,0.0,1,33.98778712895642
220.6030150753769,417893886067490.75,2565900794.229138,0.0,1,33.98778712895642
222.36180904522612,418222250782763.8,2591021552.7732954,0.0,1,33.98778712895642
224.12060301507537,418551493020838.8,2616197329.7623353,0.0,1,33.98778712895642
225.87939698492463,418881603345847.75,2641426773.810037,0.0,1,33.98778712895642
227.63819095477388,419212572129386.25,2666708516.877111,0.0,1,33.98778712895642
229.39698492462313,419544389528433.5,2692041175.505752,0.0,1,33.98778712895642
231.15577889447238,419877045466138.5,2717423352.0224133,0.0,1,33.98778712895642
232.91457286432163,420210529615257.0,2742853635.708872,0.0,1,33.98778712895642
234.67336683417085,420544831384040.5,2768330603.9417415,0.0,1,33.98778712895642
236.4321608040201,420879939904390.94,2793852823.3006396,0.0,1,33.98778712895642
238.19095477386935,421215844022107.44,2819418850.6452184,0.0,1,33.98778712895642
239.9497487437186,421552532289058.7,2845027234.1613235,0.0,1,33.98778712895642
241.70854271356785,421889992957132.2,2870676514.3765664,0.0,1,33.98778712895642
243.4673366834171,422228213973812.0,2896365225.1456323,0.0,1,33.98778712895642
245.22613065326635,422567182979255.94,2922091894.6056404,0.0,1,33.98778712895642
246.98492462311557,422906887304744.06,2947855046.1019287,0.0,1,33.98778712895642
248.74371859296483,423247313972382.6,2973653199.084638,0.0,1,33.98778712895642
250.50251256281408,423588449695954.2,2999484869.976469,0.0,1,33.98778712895642
252.26130653266333,423930280882811.75,3025348573.0120454,0.0,1,33.98778712895642
254.02010050251258,424272793636722.44,3051242821.04927,0.0,1,33.98778712895642
255.77889447236183,424615973761570.75,3077166126.3531528,0.0,1,33.98778712895642
257.53768844221105,424959806765840.4,3103117001.3524904,0.0,1,33.98778712895642
259.2964824120603,425304277867795.44,3129093959.3699117,0.0,1,33.98778712895642
261.05527638190955,425649372001291.7,3155095515.3257074,0.0,1,33.98778712895642
262.8140703517588,425995073822149.5,3181120186.415927,0.0,1,33.98778712895642
264.57286432160805,426341367715026.0,3207166492.765228,0.0,1,33.98778712895642
266.3316582914573,426688237800731.0,3233232958.054933,0.0,1,33.98778712895642
268.09045226130655,427035667943930.1,3259318110.126799,0.0,1,33.98778712895642
269.8492462311558,427383641761187.75,3285420481.562988,0.0,1,33.98778712895642
271.608040201005,427732142629303.0,3311538610.2427244,0.0,1,33.98778712895642
273.3668341708543,428081153693894.8,3337671039.8761353,0.0,1,33.98778712895642
275.1256281407035,428430657878198.7,3363816320.515773,0.0,1,33.98778712895642
276.8844221105528,428780637892037.1,3389973009.046328,0.0,1,33.98778712895642
278.643216080402,429131076240930.0,3416139669.653006,0.0,1,33.98778712895642
280.4020100502513,429481955235314.56,3442314874.269115,0.0,1,33.98778712895642
282.1608040201005,429833256999845.0,3468497203.003303,0.0,1,33.98778712895642
283.91959798994975,430184963482747.75,3494685244.546998,0.0,1,33.98778712895642
285.678391959799,430537056465203.9,3520877596.562514,0.0,1,33.98778712895642
287.43718592964825,430889517570741.8,3547072866.0523424,0.0,1,33.98778712895642
289.1959798994975,431242328274614.75,3573269669.7100916,0.0,1,33.98778712895642
290.95477386934675,431595469913147.56,3599466634.2536016,0.0,1,33.98778712895642
292.713567839196,431948923693035.06,3625662396.740695,0.0,1,33.98778712895642
294.4723618090452,432302670700575.94,3651855604.868046,0.0,1,33.98778712895642
296.2311557788945,432656691910828.8,3678044917.2536745,0.0,1,33.98778712895642
297.9899497487437,433010968196676.7,3704229003.703499,0.0,1,33.98778712895642
299.748743718593,433365480337789.44,3730406545.4624557,0.0,1,33.98778712895642
301.5075376884422,433720209029474.2,3756576235.450621,0.0,1,33.98778712895642
303.2663316582915,434075134891402.1,3782736778.48482,0.0,1,33.98778712895642
305.0251256281407,434430238476206.6,3808886891.4861307,0.0,1,33.98778712895642
306.78391959798995,434785500277942.4,3835025303.6738043,0.0,1,33.98778712895642
308.5427135678392,435140900740401.5,3861150756.745959,0.0,1,33.98778712895642
310.30150753768845,435496420265278.5,3887262005.0475316,0.0,1,33.98778712895642
312.0603015075377,435852039220182.3,3913357815.725914,0.0,1,33.98778712895642
313.81909547738695,436207737946487.56,3939436968.8746586,0.0,1,33.98778712895642
315.5778894472362,436563496767024.3,3965498257.665697,0.0,1,33.98778712895642
317.33668341708545,436919295993602.25,3991540488.4704742,0.0,1,33.98778712895642
319.0954773869347,437275115934365.3,4017562480.9703655,0.0,1,33.98778712895642
320.85427135678395,437630936900978.5,4043563068.2567916,0.0,1,33.98778712895642
322.61306532663315,437986739215641.8,4069541096.921432,0.0,1,33.98778712895642
324.3718592964824,438342503217931.94,4095495427.13684,0.0,1,33.98778712895642
326.13065326633165,438698209271469.5,4121424932.727888,0.0,1,33.98778712895642
327.8894472361809,439053837770416.0,4147328501.234395,0.0,1,33.98778712895642
329.64824120603015,439409369145792.75,4173205033.965225,0.0,1,33.98778712895642
331.4070351758794,439764783871630.56,4199053446.0442815,0.0,1,33.98778712895642
333.16582914572865,440120062470943.75,4224872666.4486465,0.0,1,33.98778712895642
334.9246231155779,440475185521535.1,4250661638.039254,0.0,1,33.98778712895642
336.68341708542715,440830133661628.2,4276419317.584353,0.0,1,33.98778712895642
338.4422110552764,441184887595330.7,4302144675.77613,0.0,1,33.98778712895642
340.20100502512565,441539428097930.94,4327836697.240717,0.0,1,33.98778712895642
341.9597989949749,441893736021026.75,4353494380.54193,0.0,1,33.98778712895642
343.71859296482415,442247792297491.4,4379116738.178996,0.0,1,33.98778712895642
345.4773869346734,442601577946275.9,4404702796.578536,0.0,1,33.98778712895642
347.2361809045226,442955074077051.25,4430251596.081069,0.0,1,33.98778712895642
348.99497487437185,443308261894693.75,4455762190.922319,0.0,1,33.98778712895642
350.7537688442211,443661122703612.1,4481233649.20953,0.0,1,33.98778712895642
352.51256281407035,444013637911924.0,4506665052.893056,0.0,1,33.98778712895642
354.2713567839196,444365789035477.9,4532055497.733455,0.0,1,33.98778712895642
356.03015075376885,444717557701730.75,4557404093.264314,0.0,1,33.98778712895642
357.7889447236181,445068925653475.6,4582709962.750991,0.0,1,33.98778712895642
359.54773869346735,445419874752428.5,4607972243.14555,0.0,1,33.98778712895642
361.3065326633166,445770386982673.6,4633190085.037999,0.0,1,33.98778712895642
363.06532663316585,446120444453970.3,4658362652.604121,0.0,1,33.98778712895642
364.8241206030151,446470029404925.0,4683489123.549996,0.0,1,33.98778712895642
366.58291457286435,446819124206030.9,4708568689.053488,0.0,1,33.98778712895642
368.3417085427136,447167711362576.0,4733600553.70275,0.0,1,33.98778712895642
370.1005025125628,447515773517426.56,4758583935.432071,0.0,1,33.98778712895642
371.85929648241205,447863293453683.4,4783518065.455061,0.0,1,33.98778712895642
373.6180904522613,448210254097218.4,4808402188.195447,0.0,1,33.98778712895642
375.37688442211055,448556638519090.44,4833235561.215573,0.0,1,33.98778712895642
377.1356783919598,448902429937846.6,4858017455.142768,0.0,1,33.98778712895642
378.89447236180905,449247611721707.7,4882747153.593692,0.0,1,33.98778712895642
380.6532663316583,449592167390643.94,4907423953.096822,0.0,1,33.98778712895642
382.41206030150755,449936080618342.7,4932047163.013181,0.0,1,33.98778712895642
384.1708542713568,450279335234068.8,4956616105.455434,0.0,1,33.98778712895642
385.92964824120605,450621915224423.25,4981130115.205473,0.0,1,33.98778712895642
387.6884422110553,450963804734999.8,5005588539.630568,0.0,1,33.98778712895642
389.44723618090455,451304988071945.2,5029990738.598263,0.0,1,33.98778712895642
391.2060301507538,451645449703421.75,5054336084.389994,0.0,1,33.98778712895642
392.96482412060305,451985174260978.06,5078623961.613666,0.0,1,33.98778712895642
394.72361809045225,452324146540828.7,5102853767.115158,0.0,1,33.98778712895642
396.4824120603015,452662351505044.94,5127024909.888911,0.0,1,33.98778712895642
398.24120603015075,452999774282660.56,5151136810.987651,0.0,1,33.98778712895642
400.0,453336400170692.2,5175188903.431341,0.0,1,33.98778712895642
