temperature_k,electrical_conductance_per_area_s_m^-2,electronic_thermal_conductance_per_area_w_k^-1_m^-2,chemical_potential_ev,transmission_direction,area_angstrom^2
50.0,290706530174653.56,405874422.79719985,0.0,3,29.9411133444
51.75879396984924,291626951807119.2,424733783.1112279,0.0,3,29.9411133444
53.517587939698494,292583781892061.06,443892005.2885063,0.0,3,29.9411133444
55.27638190954774,293574596863299.5,463342734.8291178,0.0,3,29.9411133444
57.03517587939699,294597085449985.44,483079937.3778701,0.0,3,29.9411133444
58.79396984924623,295649046897175.6,503097831.24806064,0.0,3,29.9411133444
60.552763819095475,296728388439323.44,523390815.0449244,0.0,3,29.9411133444
62.311557788944725,297833122240267.2,543953396.1769183,0.0,3,29.9411133444
64.07035175879398,298961361954873.9,564780124.5070696,0.0,3,29.9411133444
65.82914572864321,300111319028169.75,585865534.0284445,0.0,3,29.9411133444
67.58793969849246,301281298820880.94,607204094.2907501,0.0,3,29.9411133444
69.34673366834171,302469696631419.6,628790172.3702984,0.0,3,29.9411133444
71.10552763819095,303674993670655.2,650618005.4536916,0.0,3,29.9411133444
72.8643216080402,304895753035465.8,672681683.5751956,0.0,3,29.9411133444
74.62311557788945,306130615718907.56,694975141.6817964,0.0,3,29.9411133444
76.3819095477387,307378296688146.4,717492159.9696916,0.0,3,29.9411133444
78.14070351758794,308637581055609.94,740226371.31386,0.0,3,29.9411133444
79.89949748743719,309907320363874.0,763171274.5733972,0.0,3,29.9411133444
81.65829145728644,311186429000434.75,786320252.5776957,0.0,3,29.9411133444
83.41708542713567,312473880754645.4,809666593.664187,0.0,3,29.9411133444
85.17587939698493,313768705525655.2,833203515.7323244,0.0,3,29.9411133444
86.93467336683418,315069986187151.7,856924191.8890857,0.0,3,29.9411133444
88.69346733668343,316376855612049.4,880821776.8795359,0.0,3,29.9411133444
90.45226130653266,317688493857963.4,904889433.6151307,0.0,3,29.9411133444
92.21105527638191,319004125512350.1,929120359.22773,0.0,3,29.9411133444
93.96984924623115,320323017194543.9,953507810.1854227,0.0,3,29.9411133444
95.7286432160804,321644475210578.2,978045126.1052071,0.0,3,29.9411133444
97.48743718592965,322967843355591.7,1002725751.9861988,0.0,3,29.9411133444
99.2462311557789,324292500857791.06,1027543258.6649531,0.0,3,29.9411133444
101.00502512562815,325617860457321.1,1052491361.3617554,0.0,3,29.9411133444
102.76381909547739,326943366612972.25,1077563936.2438676,0.0,3,29.9411133444
104.52261306532664,328268493829397.1,1102755034.9793215,0.0,3,29.9411133444
106.28140703517587,329592745097394.4,1128058897.293847,0.0,3,29.9411133444
108.04020100502512,330915650439827.9,1153469961.574745,0.0,3,29.9411133444
109.79899497487438,332236765555850.75,1178982873.589907,0.0,3,29.9411133444
111.55778894472363,333555670556295.56,1204592493.4086611,0.0,3,29.9411133444
113.31658291457288,334871968783342.0,1230293900.6245027,0.0,3,29.9411133444
115.07537688442211,336185285707869.5,1256082397.988863,0.0,3,29.9411133444
116.83417085427136,337495267898239.06,1281953513.5706038,0.0,3,29.9411133444
118.5929648241206,338801582054607.75,1307903001.5585196,0.0,3,29.9411133444
120.35175879396985,340103914103247.7,1333926841.8243802,0.0,3,29.9411133444
122.1105527638191,341401968345722.8,1360021238.3623781,0.0,3,29.9411133444
123.86934673366835,342695466658153.75,1386182616.7178361,0.0,3,29.9411133444
125.62814070351759,343984147736171.8,1412407620.5137959,0.0,3,29.9411133444
127.38693467336684,345267766381524.44,1438693107.1792068,0.0,3,29.9411133444
129.1457286432161,346546092826641.94,1465036142.9769437,0.0,3,29.9411133444
130.90452261306532,347818912093807.8,1491433997.4240541,0.0,3,29.9411133444
132.66331658291458,349086023385886.0,1517884137.1906645,0.0,3,29.9411133444
134.42211055276383,350347239505854.56,1544384219.5579479,0.0,3,29.9411133444
136.18090452261305,351602386302668.1,1570932085.509594,0.0,3,29.9411133444
137.9396984924623,352851302141227.7,1597525752.525426,0.0,3,29.9411133444
139.69849246231155,354093837394471.56,1624163407.140156,0.0,3,29.9411133444
141.4572864321608,355329853955813.2,1650843397.324908,0.0,3,29.9411133444
143.21608040201005,356559224770353.56,1677564224.7440138,0.0,3,29.9411133444
144.9748743718593,357781833383471.7,1704324536.934749,0.0,3,29.9411133444
146.73366834170855,358997573505557.3,1731123119.453099,0.0,3,29.9411133444
148.4924623115578,360206348591800.1,1757958888.0244155,0.0,3,29.9411133444
150.25125628140705,361408071436075.9,1784830880.7338107,0.0,3,29.9411133444
152.0100502512563,362602663778088.7,1811738250.2874305,0.0,3,29.9411133444
153.76884422110552,363790055923032.2,1838680256.372317,0.0,3,29.9411133444
155.52763819095478,364970186373124.4,1865656258.1393824,0.0,3,29.9411133444
157.28643216080403,366143001470449.2,1892665706.8310254,0.0,3,29.9411133444
159.04522613065328,367308455050612.3,1919708138.572256,0.0,3,29.9411133444
160.8040201005025,368466508106778.0,1946783167.3416414,0.0,3,29.9411133444
162.56281407035175,369617128463706.7,1973890478.136064,0.0,3,29.9411133444
164.321608040201,370760290461461.44,2001029820.3411999,0.0,3,29.9411133444
166.08040201005025,371895974648489.25,2028201001.3176124,0.0,3,29.9411133444
167.8391959798995,373024167483814.8,2055403880.2106068,0.0,3,29.9411133444
169.59798994974875,374144861048119.9,2082638361.990317,0.0,3,29.9411133444
171.356783919598,375258052763493.56,2109904391.727009,0.0,3,29.9411133444
173.11557788944725,376363745121671.0,2137201949.105191,0.0,3,29.9411133444
174.8743718592965,377461945420583.9,2164531043.178888,0.0,3,29.9411133444
176.63316582914575,378552665509065.06,2191891707.3692636,0.0,3,29.9411133444
178.39195979899498,379635921539558.4,2219283994.7047644,0.0,3,29.9411133444
180.15075376884423,380711733728690.44,2246707973.302994,0.0,3,29.9411133444
181.90954773869348,381780126125573.3,2274163722.0927005,0.0,3,29.9411133444
183.66834170854273,382841126387701.5,2301651326.7734413,0.0,3,29.9411133444
185.42713567839198,383894765564321.56,2329170876.0098805,0.0,3,29.9411133444
187.1859296482412,384941077887143.8,2356722457.8569856,0.0,3,29.9411133444
188.94472361809045,385980100568274.2,2384306156.4118686,0.0,3,29.9411133444
190.7035175879397,387011873605238.9,2411922048.6875625,0.0,3,29.9411133444
192.46231155778895,388036439592978.75,2439570201.703544,0.0,3,29.9411133444
194.2211055276382,389053843542685.9,2467250669.787512,0.0,3,29.9411133444
195.97989949748745,390064132707356.1,2494963492.082553,0.0,3,29.9411133444
197.7386934673367,391067356413927.4,2522708690.2535973,0.0,3,29.9411133444
199.49748743718592,392063565901874.94,2550486266.3868413,0.0,3,29.9411133444
201.25628140703517,393052814168131.3,2578296201.0756235,0.0,3,29.9411133444
203.01507537688443,394035155818197.1,2606138451.6860876,0.0,3,29.9411133444
204.77386934673368,395010646923308.0,2634012950.7958984,0.0,3,29.9411133444
206.53266331658293,395979344883522.3,2661919604.7991657,0.0,3,29.9411133444
208.29145728643218,396941308296590.06,2689858292.670704,0.0,3,29.9411133444
210.0502512562814,397896596832466.7,2717828864.882739,0.0,3,29.9411133444
211.80904522613065,398845271113331.44,2745831142.4671984,0.0,3,29.9411133444
213.5678391959799,399787392598968.3,2773864916.21673,0.0,3,29.9411133444
215.32663316582915,400723023477372.25,2801929946.0176673,0.0,3,29.9411133444
217.0854271356784,401652226560437.9,2830025960.3082495,0.0,3,29.9411133444
218.84422110552765,402575065184588.75,2858152655.6554503,0.0,3,29.9411133444
220.6030150753769,403491603116209.7,2886309696.4439425,0.0,3,29.9411133444
222.36180904522612,404401904461738.75,2914496714.6708007,0.0,3,29.9411133444
224.12060301507537,405306033582281.6,2942713309.8396826,0.0,3,29.9411133444
225.87939698492463,406204055012608.0,2970959048.9484076,0.0,3,29.9411133444
227.63819095477388,407096033384394.06,2999233466.5639873,0.0,3,29.9411133444
229.39698492462313,407982033353572.6,3027536064.979295,0.0,3,29.9411133444
231.15577889447238,408862119531658.75,3055866314.445806,0.0,3,29.9411133444
232.91457286432163,409736356420913.8,3084223653.476937,0.0,3,29.9411133444
234.67336683417085,410604808353220.4,3112607489.216748,0.0,3,29.9411133444
236.4321608040201,411467539432535.3,3141017197.868923,0.0,3,29.9411133444
238.19095477386935,412324613480794.56,3169452125.1811595,0.0,3,29.9411133444
239.9497487437186,413176093987143.5,3197911586.980241,0.0,3,29.9411133444
241.70854271356785,414022044060371.1,3226394869.7533207,0.0,3,29.9411133444
243.4673366834171,414862526384424.4,3254901231.2710595,0.0,3,29.9411133444
245.22613065326635,415697603176887.9,3283429901.248512,0.0,3,29.9411133444
246.98492462311557,416527336150308.1,3311980082.0397973,0.0,3,29.9411133444
248.74371859296483,417351786476254.44,3340550949.36281,0.0,3,29.9411133444
250.50251256281408,418171014752000.0,3369141653.0503774,0.0,3,29.9411133444
252.26130653266333,418985080969720.6,3397751317.824478,0.0,3,29.9411133444
254.02010050251258,419794044488100.8,3426379044.090284,0.0,3,29.9411133444
255.77889447236183,420597964006247.56,3455023908.747019,0.0,3,29.9411133444
257.53768844221105,421396897539810.4,3483684966.012686,0.0,3,29.9411133444
259.2964824120603,422190902399211.7,3512361248.260019,0.0,3,29.9411133444
261.05527638190955,422980035169890.44,3541051766.8610725,0.0,3,29.9411133444
262.8140703517588,423764351694472.2,3569755513.038046,0.0,3,29.9411133444
264.57286432160805,424543907056769.44,3598471458.71813,0.0,3,29.9411133444
266.3316582914573,425318755567534.44,3627198557.3902483,0.0,3,29.9411133444
268.09045226130655,426088950751872.94,3655935744.9617443,0.0,3,29.9411133444
269.8492462311558,426854545338244.1,3684681940.6132145,0.0,3,29.9411133444
271.608040201005,427615591248964.1,3713436047.649776,0.0,3,29.9411133444
273.3668341708543,428372139592142.2,3742196954.3472214,0.0,3,29.9411133444
275.1256281407035,429124240654969.94,3770963534.7916183,0.0,3,29.9411133444
276.8844221105528,429871943898300.94,3799734649.711041,0.0,3,29.9411133444
278.643216080402,430615297952445.8,3828509147.2981935,0.0,3,29.9411133444
280.4020100502513,431354350614122.5,3857285864.022879,0.0,3,29.9411133444
282.1608040201005,432089148844493.7,3886063625.4332333,0.0,3,29.9411133444
283.91959798994975,432819738768236.75,3914841246.944888,0.0,3,29.9411133444
285.678391959799,433546165673580.3,3943617534.617208,0.0,3,29.9411133444
287.43718592964825,434268474013258.9,3972391285.915894,0.0,3,29.9411133444
289.1959798994975,434986707406324.6,4001161290.4612846,0.0,3,29.9411133444
290.95477386934675,435700908640769.94,4029926330.7618275,0.0,3,29.9411133444
292.713567839196,436411119676906.44,4058685182.93219,0.0,3,29.9411133444
294.4723618090452,437117381651457.2,4087436617.3955965,0.0,3,29.9411133444
296.2311557788945,437819734882311.6,4116179399.5700717,0.0,3,29.9411133444
297.9899497487437,438518218873903.44,4144912290.538207,0.0,3,29.9411133444
299.748743718593,439212872323166.06,4173634047.700322,0.0,3,29.9411133444
301.5075376884422,439903733126028.3,4202343425.4107356,0.0,3,29.9411133444
303.2663316582915,440590838384410.4,4231039175.5970855,0.0,3,29.9411133444
305.0251256281407,441274224413682.2,4259720048.362541,0.0,3,29.9411133444
306.78391959798995,441953926750552.4,4288384792.570955,0.0,3,29.9411133444
308.5427135678392,442629980161350.94,4317032156.414838,0.0,3,29.9411133444
310.30150753768845,443302418650675.6,4345660887.966278,0.0,3,29.9411133444
312.0603015075377,443971275470371.1,4374269735.710853,0.0,3,29.9411133444
313.81909547738695,444636583128810.94,4402857449.064579,0.0,3,29.9411133444
315.5778894472362,445298373400456.75,4431422778.874107,0.0,3,29.9411133444
317.33668341708545,445956677335665.9,4459964477.90027,0.0,3,29.9411133444
319.0954773869347,446611525270724.56,4488481301.285158,0.0,3,29.9411133444
320.85427135678395,447262946838080.8,4516972007.002939,0.0,3,29.9411133444
322.61306532663315,447910970976757.4,4545435356.294649,0.0,3,29.9411133444
324.3718592964824,448555625942919.1,4573870114.087181,0.0,3,29.9411133444
326.13065326633165,449196939320578.7,4602275049.3966875,0.0,3,29.9411133444
327.8894472361809,449834938032419.06,4630648935.71676,0.0,3,29.9411133444
329.64824120603015,450469648350713.56,4658990551.391547,0.0,3,29.9411133444
331.4070351758794,451101095908329.8,4687298679.9741955,0.0,3,29.9411133444
333.16582914572865,451729305709797.56,4715572110.570866,0.0,3,29.9411133444
334.9246231155779,452354302142426.7,4743809638.170627,0.0,3,29.9411133444
336.68341708542715,452976108987460.7,4772010063.961558,0.0,3,29.9411133444
338.4422110552764,453594749431252.6,4800172195.633401,0.0,3,29.9411133444
340.20100502512565,454210246076448.0,4828294847.666999,0.0,3,29.9411133444
341.9597989949749,454822620953166.6,4856376841.610948,0.0,3,29.9411133444
343.71859296482415,455431895530167.75,4884417006.345727,0.0,3,29.9411133444
345.4773869346734,456038090725990.44,4912414178.335646,0.0,3,29.9411133444
347.2361809045226,456641226920058.9,4940367201.8689375,0.0,3,29.9411133444
348.99497487437185,457241323963741.75,4968274929.286345,0.0,3,29.9411133444
350.7537688442211,457838401191358.6,4996136221.198482,0.0,3,29.9411133444
352.51256281407035,458432477431124.25,5023949946.692333,0.0,3,29.9411133444
354.2713567839196,459023571016022.0,5051714983.527205,0.0,3,29.9411133444
356.03015075376885,459611699794603.3,5079430218.320427,0.0,3,29.9411133444
357.7889447236181,460196881141700.5,5107094546.723122,0.0,3,29.9411133444
359.54773869346735,460779131969052.06,5134706873.586395,0.0,3,29.9411133444
361.3065326633166,461358468735832.8,5162266113.118192,0.0,3,29.9411133444
363.06532663316585,461934907459082.4,5189771189.031133,0.0,3,29.9411133444
364.8241206030151,462508463724029.2,5217221034.681682,0.0,3,29.9411133444
366.58291457286435,463079152694305.06,5244614593.200859,0.0,3,29.9411133444
368.3417085427136,463646989122045.56,5271950817.616823,0.0,3,29.9411133444
370.1005025125628,464211987357872.3,5299228670.969604,0.0,3,29.9411133444
371.85929648241205,464774161360756.8,5326447126.418255,0.0,3,29.9411133444
373.6180904522613,465333524707757.56,5353605167.340658,0.0,3,29.9411133444
375.37688442211055,465890090603632.2,5380701787.426316,0.0,3,29.9411133444
377.1356783919598,466443871890321.4,5407735990.762297,0.0,3,29.9411133444
378.89447236180905,466994881056299.6,5434706791.912649,0.0,3,29.9411133444
380.6532663316583,467543130245794.7,5461613215.991494,0.0,3,29.9411133444
382.41206030150755,468088631267871.7,5488454298.730032,0.0,3,29.9411133444
384.1708542713568,468631395605381.44,5515229086.537709,0.0,3,29.9411133444
385.92964824120605,469171434423770.8,5541936636.557736,0.0,3,29.9411133444
387.6884422110553,469708758579756.3,5568576016.717196,0.0,3,29.9411133444
389.44723618090455,470243378629856.8,5595146305.771963,0.0,3,29.9411133444
391.2060301507538,470775304838787.75,5621646593.346576,0.0,3,29.9411133444
392.96482412060305,471304547187715.5,5648075979.969351,0.0,3,29.9411133444
394.72361809045225,471831115382370.1,5674433577.102841,0.0,3,29.9411133444
396.4824120603015,472355018861019.44,5700718507.169867,0.0,3,29.9411133444
398.24120603015075,472876266802300.9,5726929903.57529,0.0,3,29.9411133444
400.0,473394868132914.3,5753066910.723719,0.0,3,29.9411133444
