energy_ev,averaged_transmission,transmission_per_area_m^-2,transmission_direction,area_angstrom^2
-0.367493259667866,0.0,0.0,3,29.9411133444
-0.36565579336952664,0.0,0.0,3,29.9411133444
-0.3638183270711874,0.0,0.0,3,29.9411133444
-0.361980860772848,0.0,0.0,3,29.9411133444
-0.3601433944745087,0.0,0.0,3,29.9411133444
-0.35830592817616935,0.0,0.0,3,29.9411133444
-0.35646846187783,0.0,0.0,3,29.9411133444
-0.35463099557949074,0.0,0.0,3,29.9411133444
-0.3527935292811514,0.0,0.0,3,29.9411133444
-0.35095606298281207,0.0,0.0,3,29.9411133444
-0.3491185966844727,0.0,0.0,3,29.9411133444
-0.34728113038613334,0.0,0.0,3,29.9411133444
-0.3454436640877941,0.0,0.0,3,29.9411133444
-0.3436061977894547,0.0,0.0,3,29.9411133444
-0.3417687314911154,0.0,0.0,3,29.9411133444
-0.33993126519277606,0.0,0.0,3,29.9411133444
-0.3380937988944367,0.0,0.0,3,29.9411133444
-0.33625633259609744,0.0,0.0,3,29.9411133444
-0.3344188662977581,0.0,0.0,3,29.9411133444
-0.33258139999941877,0.0,0.0,3,29.9411133444
-0.3307439337010794,0.0,0.0,3,29.9411133444
-0.32890646740274004,0.0,0.0,3,29.9411133444
-0.3270690011044008,0.0,0.0,3,29.9411133444
-0.32523153480606143,0.0,0.0,3,29.9411133444
-0.3233940685077221,0.0,0.0,3,29.9411133444
-0.32155660220938276,0.0,0.0,3,29.9411133444
-0.3197191359110434,0.0025,8349722908575757.0,3,29.9411133444
-0.31788166961270414,0.0325,1.0854639781148483e+17,3,29.9411133444
-0.3160442033143648,0.0475,1.5864473526293936e+17,3,29.9411133444
-0.3142067370160255,0.0925,3.08939747617303e+17,3,29.9411133444
-0.3123692707176861,0.1175,3.9243697670306054e+17,3,29.9411133444
-0.31053180441934675,0.14250000000000002,4.759342057888182e+17,3,29.9411133444
-0.30869433812100744,0.17250000000000001,5.761308806917272e+17,3,29.9411133444
-0.30685687182266813,0.21250000000000002,7.097264472289394e+17,3,29.9411133444
-0.3050194055243288,0.22750000000000004,7.59824784680394e+17,3,29.9411133444
-0.30318193922598946,0.28250000000000003,9.435186886690606e+17,3,29.9411133444
-0.3013444729276501,0.3075,1.027015917754818e+18,3,29.9411133444
-0.2995070066293108,0.3375,1.1272125926577272e+18,3,29.9411133444
-0.2976695403309715,0.37750000000000006,1.2608081591949394e+18,3,29.9411133444
-0.2958320740326322,0.4025000000000001,1.344305388280697e+18,3,29.9411133444
-0.2939946077342928,0.45249999999999996,1.5112998464522117e+18,3,29.9411133444
-0.29215714143595345,0.5025,1.6782943046237268e+18,3,29.9411133444
-0.29031967513761414,0.5750000000000001,1.9204362689724242e+18,3,29.9411133444
-0.28848220883927483,0.66,2.2043268478639997e+18,3,29.9411133444
-0.28664474254093547,0.7675,2.563364932932757e+18,3,29.9411133444
-0.28480727624259616,0.8575,2.863954957641485e+18,3,29.9411133444
-0.2829698099442568,0.9325,3.114446644898757e+18,3,29.9411133444
-0.2811323436459175,1.1425,3.815823369219121e+18,3,29.9411133444
-0.2792948773475782,1.5,5.009833745145454e+18,3,29.9411133444
-0.2774574110492388,1.6550000000000002,5.527516565477152e+18,3,29.9411133444
-0.2756199447508995,1.8375,6.137046337803181e+18,3,29.9411133444
-0.27378247845256015,2.0324999999999998,6.788324724672089e+18,3,29.9411133444
-0.27194501215422084,2.0975,7.00541752029506e+18,3,29.9411133444
-0.2701075458558815,2.2175000000000002,7.406204219906697e+18,3,29.9411133444
-0.2682700795575422,2.3175,7.740193136249726e+18,3,29.9411133444
-0.26643261325920287,2.5675,8.575165427107301e+18,3,29.9411133444
-0.2645951469608635,2.7025,9.026050464170394e+18,3,29.9411133444
-0.2627576806625242,2.685,8.967602403810362e+18,3,29.9411133444
-0.26092021436418483,2.575,8.60021459583303e+18,3,29.9411133444
-0.2590827480658455,2.6125000000000003,8.725460439461667e+18,3,29.9411133444
-0.2572452817675062,2.4275,8.10758094422706e+18,3,29.9411133444
-0.25540781546916685,2.2325,7.456302557358151e+18,3,29.9411133444
-0.25357034917082755,2.0475,6.838423062123545e+18,3,29.9411133444
-0.2517328828724882,1.8624999999999998,6.220543566888937e+18,3,29.9411133444
-0.24989541657414888,1.5425,5.151779034591241e+18,3,29.9411133444
-0.24805795027580957,1.58,5.277024878219878e+18,3,29.9411133444
-0.2462204839774702,1.4875,4.968085130602575e+18,3,29.9411133444
-0.24438301767913093,1.5,5.009833745145454e+18,3,29.9411133444
-0.24254555138079156,1.6599999999999997,5.544216011294301e+18,3,29.9411133444
-0.24070808508245223,1.6675,5.569265180020029e+18,3,29.9411133444
-0.23887061878411292,1.4075000000000002,4.700893997528151e+18,3,29.9411133444
-0.23703315248577356,1.3175000000000001,4.400303972819424e+18,3,29.9411133444
-0.23519568618743425,1.0775000000000001,3.5987305735961513e+18,3,29.9411133444
-0.23335821988909491,1.0425,3.4818344528760904e+18,3,29.9411133444
-0.23152075359075558,0.9975,3.331539440521727e+18,3,29.9411133444
-0.22968328729241627,1.0325,3.4484355612417874e+18,3,29.9411133444
-0.2278458209940769,1.3025000000000002,4.35020563536797e+18,3,29.9411133444
-0.2260083546957376,1.3975,4.667495105893848e+18,3,29.9411133444
-0.22417088839739827,1.68,5.611013794562908e+18,3,29.9411133444
-0.22233342209905893,2.155,7.197461147192302e+18,3,29.9411133444
-0.22049595580071962,2.4,8.015733992232726e+18,3,29.9411133444
-0.2186584895023803,1.7,5.677811577831514e+18,3,29.9411133444
-0.21682102320404092,1.58,5.277024878219878e+18,3,29.9411133444
-0.21498355690570162,1.52,5.07663152841406e+18,3,29.9411133444
-0.21314609060736228,1.6700000000000002,5.577614902928606e+18,3,29.9411133444
-0.21130862430902295,1.6375000000000002,5.469068505117122e+18,3,29.9411133444
-0.20947115801068364,1.4725000000000001,4.917986793151121e+18,3,29.9411133444
-0.20763369171234428,1.4775,4.934686238968272e+18,3,29.9411133444
-0.20579622541400497,1.3325,4.450402310270878e+18,3,29.9411133444
-0.20395875911566563,1.3075,4.366905081185121e+18,3,29.9411133444
-0.2021212928173263,1.2725,4.25000896046506e+18,3,29.9411133444
-0.200283826518987,1.3525,4.517200093539484e+18,3,29.9411133444
-0.19844636022064763,1.3775000000000002,4.600697322625242e+18,3,29.9411133444
-0.1966088939223083,1.4925000000000002,4.984784576419727e+18,3,29.9411133444
-0.19477142762396898,1.8575,6.203844121071787e+18,3,29.9411133444
-0.19293396132562965,2.0875000000000004,6.972018628660758e+18,3,29.9411133444
-0.19109649502729031,2.2,7.347756159546666e+18,3,29.9411133444
-0.18925902872895098,2.67,8.917504066358908e+18,3,29.9411133444
-0.18742156243061164,2.69,8.984301849627514e+18,3,29.9411133444
-0.18558409613227234,2.565,8.566815704198726e+18,3,29.9411133444
-0.183746629833933,2.5475000000000003,8.508367643838696e+18,3,29.9411133444
-0.18190916353559364,2.4975,8.341373185667181e+18,3,29.9411133444
-0.18007169723725433,2.275,7.598247846803938e+18,3,29.9411133444
-0.178234230938915,2.2675,7.573198678078211e+18,3,29.9411133444
-0.1763967646405757,2.5575,8.541766535472999e+18,3,29.9411133444
-0.17455929834223635,2.7875,9.309941043061969e+18,3,29.9411133444
-0.172721832043897,3.0525,1.0195011671371e+19,3,29.9411133444
-0.17088436574555768,3.2225,1.076279282915415e+19,3,29.9411133444
-0.16904689944721835,3.35,1.1188628697491513e+19,3,29.9411133444
-0.16720943314887904,3.4050000000000002,1.1372322601480182e+19,3,29.9411133444
-0.1653719668505397,3.4125,1.1397371770205907e+19,3,29.9411133444
-0.16353450055220034,3.1775,1.0612497816799787e+19,3,29.9411133444
-0.16169703425386103,2.8575,9.54373328450209e+18,3,29.9411133444
-0.1598595679555217,2.5675,8.575165427107301e+18,3,29.9411133444
-0.1580221016571824,2.3825,7.957285931872695e+18,3,29.9411133444
-0.15618463535884305,2.3475,7.840389811152636e+18,3,29.9411133444
-0.1543471690605037,2.2325,7.456302557358151e+18,3,29.9411133444
-0.15250970276216438,2.4475,8.174378727495665e+18,3,29.9411133444
-0.15067223646382505,2.4375,8.140979835861363e+18,3,29.9411133444
-0.14883477016548574,2.2975,7.67339535298112e+18,3,29.9411133444
-0.1469973038671464,2.02,6.746576110129211e+18,3,29.9411133444
-0.14515983756880704,1.7349999999999999,5.794707698551575e+18,3,29.9411133444
-0.14332237127046774,1.48,4.943035961876848e+18,3,29.9411133444
-0.1414849049721284,1.395,4.659145382985272e+18,3,29.9411133444
-0.1396474386737891,1.225,4.0913642252021207e+18,3,29.9411133444
-0.13780997237544976,0.9275000000000001,3.097747199081606e+18,3,29.9411133444
-0.1359725060771104,0.8374999999999999,2.7971571743728783e+18,3,29.9411133444
-0.1341350397787711,0.7625000000000001,2.546665487115606e+18,3,29.9411133444
-0.13229757348043175,0.68,2.271124631132606e+18,3,29.9411133444
-0.13046010718209242,0.62,2.0707312813267876e+18,3,29.9411133444
-0.1286226408837531,0.6075,2.0289826667839089e+18,3,29.9411133444
-0.12678517458541375,0.6125,2.0456821126010604e+18,3,29.9411133444
-0.12494770828707442,0.6375,2.1291793416868178e+18,3,29.9411133444
-0.1231102419887351,0.6725,2.2460754624068785e+18,3,29.9411133444
-0.12127277569039578,0.68,2.271124631132606e+18,3,29.9411133444
-0.11943530939205646,0.71,2.371321306035515e+18,3,29.9411133444
-0.1175978430937171,0.79,2.638512439109939e+18,3,29.9411133444
-0.11576037679537778,0.8650000000000001,2.889004126367212e+18,3,29.9411133444
-0.11392291049703845,0.96,3.2062935968930903e+18,3,29.9411133444
-0.11208544419869913,1.07,3.573681404870424e+18,3,29.9411133444
-0.11024797790035981,1.215,4.0579653335678177e+18,3,29.9411133444
-0.10841051160202045,1.3375000000000001,4.46710175608803e+18,3,29.9411133444
-0.10657304530368113,1.5625,5.218576817859848e+18,3,29.9411133444
-0.1047355790053418,1.835,6.128696614894605e+18,3,29.9411133444
-0.10289811270700248,2.0124999999999997,6.721526941403483e+18,3,29.9411133444
-0.10106064640866315,2.0925000000000002,6.988718074477909e+18,3,29.9411133444
-0.0992231801103238,2.0975,7.00541752029506e+18,3,29.9411133444
-0.09738571381198448,2.0125,6.721526941403484e+18,3,29.9411133444
-0.09554824751364516,1.9875000000000003,6.638029712317728e+18,3,29.9411133444
-0.09371078121530582,1.865,6.228893289797514e+18,3,29.9411133444
-0.0918733149169665,1.7149999999999999,5.727909915282969e+18,3,29.9411133444
-0.09003584861862715,1.5400000000000003,5.143429311682666e+18,3,29.9411133444
-0.08819838232028783,1.4975,5.001484022236878e+18,3,29.9411133444
-0.0863609160219485,1.5575,5.201877372042697e+18,3,29.9411133444
-0.08452344972360917,1.5425,5.151779034591241e+18,3,29.9411133444
-0.08268598342526985,1.8425000000000002,6.153745783620334e+18,3,29.9411133444
-0.0808485171269305,1.9575,6.537833037414818e+18,3,29.9411133444
-0.07901105082859117,2.0175,6.738226387220636e+18,3,29.9411133444
-0.07717358453025185,2.0225,6.754925833037787e+18,3,29.9411133444
-0.07533611823191252,1.9825,6.621330266500574e+18,3,29.9411133444
-0.0734986519335732,1.9725,6.587931374866271e+18,3,29.9411133444
-0.07166118563523384,1.9625,6.554532483231968e+18,3,29.9411133444
-0.06982371933689456,1.9425,6.487734699963362e+18,3,29.9411133444
-0.0679862530385552,1.8975,6.337439687608999e+18,3,29.9411133444
-0.06614878674021585,1.8975,6.337439687608999e+18,3,29.9411133444
-0.06431132044187655,1.8675000000000002,6.237243012706091e+18,3,29.9411133444
-0.0624738541435372,1.8624999999999998,6.220543566888937e+18,3,29.9411133444
-0.060636387845197905,1.9125,6.387538025060454e+18,3,29.9411133444
-0.05879892154685855,1.9349999999999998,6.462685531237635e+18,3,29.9411133444
-0.05696145524851919,2.08,6.946969459935029e+18,3,29.9411133444
-0.055123988950179906,2.4050000000000002,8.032433438049878e+18,3,29.9411133444
-0.05328652265184054,2.505,8.366422354392908e+18,3,29.9411133444
-0.051449056353501256,2.325,7.765242304975454e+18,3,29.9411133444
-0.0496115900551619,2.1625,7.22251031591803e+18,3,29.9411133444
-0.047774123756822544,1.95,6.51278386868909e+18,3,29.9411133444
-0.04593665745848325,1.935,6.462685531237636e+18,3,29.9411133444
-0.044099191160143894,1.96,6.546182760323393e+18,3,29.9411133444
-0.04226172486180461,1.9649999999999999,6.562882206140544e+18,3,29.9411133444
-0.04042425856346525,1.9425000000000001,6.487734699963363e+18,3,29.9411133444
-0.038586792265125895,1.8475000000000001,6.170445229437484e+18,3,29.9411133444
-0.0367493259667866,1.8724999999999998,6.253942458523241e+18,3,29.9411133444
-0.034911859668447245,1.8175,6.070248554534574e+18,3,29.9411133444
-0.03307439337010795,1.6425,5.485767950934272e+18,3,29.9411133444
-0.0312369270717686,1.4625000000000001,4.884587901516818e+18,3,29.9411133444
-0.029399460773429243,1.4425000000000001,4.817790118248211e+18,3,29.9411133444
-0.027561994475089953,1.5074999999999998,5.034882913871181e+18,3,29.9411133444
-0.025724528176750593,1.5525,5.185177926225545e+18,3,29.9411133444
-0.023887061878411303,1.3125,4.3836045270022723e+18,3,29.9411133444
-0.022049595580071947,1.23,4.108063671019272e+18,3,29.9411133444
-0.02021212928173259,1.1150000000000002,3.723976417224788e+18,3,29.9411133444
-0.0183746629833933,1.04,3.4734847299675146e+18,3,29.9411133444
-0.016537196685053945,1.065,3.556981959053272e+18,3,29.9411133444
-0.014699730386714589,1.0525,3.5152333445103933e+18,3,29.9411133444
-0.012862264088375297,1.145,3.8241730921276964e+18,3,29.9411133444
-0.01102479779003594,1.1300000000000001,3.7740747546762424e+18,3,29.9411133444
-0.00918733149169665,1.13,3.7740747546762414e+18,3,29.9411133444
-0.007349865193357294,1.225,4.0913642252021207e+18,3,29.9411133444
-0.005512398895017938,1.2449999999999999,4.158162008470726e+18,3,29.9411133444
-0.003674932596678647,1.255,4.191560900105029e+18,3,29.9411133444
-0.0018374662983392908,1.27,4.241659237556484e+18,3,29.9411133444
0.0,1.0724999999999998,3.582031127778999e+18,3,29.9411133444
0.0018374662983392908,0.9774999999999998,3.26474165725312e+18,3,29.9411133444
0.003674932596678647,0.895,2.989200801270121e+18,3,29.9411133444
0.005512398895017938,0.885,2.955801909635818e+18,3,29.9411133444
0.007349865193357294,0.9349999999999998,3.1227963678073324e+18,3,29.9411133444
0.00918733149169665,1.0474999999999999,3.4985338986932413e+18,3,29.9411133444
0.01102479779003594,1.32,4.4086536957279995e+18,3,29.9411133444
0.012862264088375297,1.4,4.675844828802424e+18,3,29.9411133444
0.014699730386714589,1.355,4.52554981644806e+18,3,29.9411133444
0.016537196685053945,1.48,4.943035961876848e+18,3,29.9411133444
0.0183746629833933,1.6400000000000001,5.477418228025696e+18,3,29.9411133444
0.02021212928173259,1.7825,5.953352433814515e+18,3,29.9411133444
0.022049595580071947,2.1174999999999997,7.072215303563664e+18,3,29.9411133444
0.023887061878411303,2.2125000000000004,7.389504774089546e+18,3,29.9411133444
0.025724528176750593,2.0525,6.855122507940697e+18,3,29.9411133444
0.027561994475089953,1.9224999999999999,6.420936916694756e+18,3,29.9411133444
0.029399460773429243,1.77,5.911603819271636e+18,3,29.9411133444
0.0312369270717686,1.6549999999999998,5.52751656547715e+18,3,29.9411133444
0.03307439337010795,1.6675,5.569265180020029e+18,3,29.9411133444
0.034911859668447245,1.7474999999999998,5.836456313094453e+18,3,29.9411133444
0.0367493259667866,1.8074999999999997,6.036849662900271e+18,3,29.9411133444
0.038586792265125895,1.9525000000000001,6.521133591597666e+18,3,29.9411133444
0.04042425856346525,2.1225000000000005,7.088914749380819e+18,3,29.9411133444
0.04226172486180461,2.3025,7.690094798798273e+18,3,29.9411133444
0.044099191160143894,2.5725,8.591864872924453e+18,3,29.9411133444
0.04593665745848325,2.5675,8.575165427107301e+18,3,29.9411133444
0.047774123756822544,2.6175,8.742159885278817e+18,3,29.9411133444
0.0496115900551619,2.6325,8.792258222730271e+18,3,29.9411133444
0.051449056353501256,2.62,8.750509608187393e+18,3,29.9411133444
0.05328652265184054,2.5575,8.541766535472999e+18,3,29.9411133444
0.055123988950179906,2.1775,7.272608653369484e+18,3,29.9411133444
0.05696145524851919,2.1375,7.139013086832272e+18,3,29.9411133444
0.05879892154685855,2.0575,6.871821953757848e+18,3,29.9411133444
0.060636387845197905,2.1025,7.022116966112211e+18,3,29.9411133444
0.0624738541435372,2.0725,6.921920291209301e+18,3,29.9411133444
0.06431132044187655,2.1675000000000004,7.239209761735182e+18,3,29.9411133444
0.06614878674021585,2.2875,7.639996461346817e+18,3,29.9411133444
0.0679862530385552,2.2675,7.573198678078211e+18,3,29.9411133444
0.06982371933689456,2.4025,8.024083715141301e+18,3,29.9411133444
0.07166118563523384,2.345,7.83204008824406e+18,3,29.9411133444
0.0734986519335732,2.205,7.364455605363817e+18,3,29.9411133444
0.07533611823191252,2.225,7.431253388632423e+18,3,29.9411133444
0.07717358453025185,2.2800000000000002,7.614947292621091e+18,3,29.9411133444
0.07901105082859117,2.325,7.765242304975454e+18,3,29.9411133444
0.0808485171269305,2.4050000000000002,8.032433438049878e+18,3,29.9411133444
0.08268598342526985,2.3899999999999997,7.982335100598423e+18,3,29.9411133444
0.08452344972360917,2.395,7.999034546415575e+18,3,29.9411133444
0.0863609160219485,2.235,7.464652280266725e+18,3,29.9411133444
0.08819838232028783,2.25,7.514750617718181e+18,3,29.9411133444
0.09003584861862715,2.24,7.481351726083879e+18,3,29.9411133444
0.0918733149169665,2.3249999999999997,7.765242304975452e+18,3,29.9411133444
0.09371078121530582,2.505,8.366422354392908e+18,3,29.9411133444
0.09554824751364516,2.7800000000000002,9.284891874336242e+18,3,29.9411133444
0.09738571381198448,3.0050000000000003,1.003636693610806e+19,3,29.9411133444
0.0992231801103238,3.31,1.1055033130954301e+19,3,29.9411133444
0.10106064640866315,3.4725,1.1597765120011727e+19,3,29.9411133444
0.10289811270700248,3.7525,1.253293408577221e+19,3,29.9411133444
0.1047355790053418,4.1025,1.3701895292972816e+19,3,29.9411133444
0.10657304530368113,4.25,1.4194528944578785e+19,3,29.9411133444
0.10841051160202045,4.12,1.3760343353332847e+19,3,29.9411133444
0.11024797790035981,4.065,1.3576649449344182e+19,3,29.9411133444
0.11208544419869913,3.835,1.280847494175521e+19,3,29.9411133444
0.11392291049703845,3.63,1.2123797663251999e+19,3,29.9411133444
0.11576037679537778,3.3200000000000003,1.1088432022588606e+19,3,29.9411133444
0.1175978430937171,3.4099999999999997,1.1389022047297331e+19,3,29.9411133444
0.11943530939205646,3.725,1.2441087133777877e+19,3,29.9411133444
0.12127277569039578,4.0600000000000005,1.355995000352703e+19,3,29.9411133444
0.1231102419887351,4.1450000000000005,1.3843840582418606e+19,3,29.9411133444
0.12494770828707442,4.0125,1.340130526826409e+19,3,29.9411133444
0.12678517458541375,4.025,1.3443053882806968e+19,3,29.9411133444
0.1286226408837531,3.8449999999999998,1.2841873833389513e+19,3,29.9411133444
0.13046010718209242,3.9499999999999997,1.3192562195549694e+19,3,29.9411133444
0.13229757348043175,3.9524999999999997,1.320091191845827e+19,3,29.9411133444
0.1341350397787711,4.09,1.3660146678429938e+19,3,29.9411133444
0.1359725060771104,4.55,1.5196495693607877e+19,3,29.9411133444
0.13780997237544976,4.6775,1.5622331561945242e+19,3,29.9411133444
0.1396474386737891,4.192500000000001,1.4002485317681545e+19,3,29.9411133444
0.1414849049721284,3.8625,1.2900321893749543e+19,3,29.9411133444
0.14332237127046774,4.0425,1.3501501943167e+19,3,29.9411133444
0.14515983756880704,3.765,1.2574682700315089e+19,3,29.9411133444
0.1469973038671464,3.795,1.2674879375217998e+19,3,29.9411133444
0.14883477016548574,3.55,1.1856606530177573e+19,3,29.9411133444
0.15067223646382505,3.5250000000000004,1.1773109301091817e+19,3,29.9411133444
0.15250970276216438,3.575,1.1940103759263332e+19,3,29.9411133444
0.1543471690605037,3.9924999999999997,1.3334507484995482e+19,3,29.9411133444
0.15618463535884305,4.0875,1.3651796955521364e+19,3,29.9411133444
0.1580221016571824,3.95,1.3192562195549696e+19,3,29.9411133444
0.1598595679555217,3.5325,1.1798158469817545e+19,3,29.9411133444
0.16169703425386103,3.7125000000000004,1.2399338519235e+19,3,29.9411133444
0.16353450055220034,3.8475,1.285022355629809e+19,3,29.9411133444
0.1653719668505397,3.8775000000000004,1.2950420231201e+19,3,29.9411133444
0.16720943314887904,3.74,1.2491185471229331e+19,3,29.9411133444
0.16904689944721835,3.4025,1.1363972878571604e+19,3,29.9411133444
0.17088436574555768,2.9850000000000003,9.969569152839455e+18,3,29.9411133444
0.172721832043897,3.21,1.0721044214611272e+19,3,29.9411133444
0.17455929834223635,3.175,1.060414809389121e+19,3,29.9411133444
0.1763967646405757,3.66,1.2223994338154908e+19,3,29.9411133444
0.178234230938915,3.7675,1.2583032423223665e+19,3,29.9411133444
0.18007169723725433,3.45,1.1522617613834545e+19,3,29.9411133444
0.18190916353559364,3.3325000000000005,1.1130180637131485e+19,3,29.9411133444
0.183746629833933,3.2475,1.0846290058239908e+19,3,29.9411133444
0.18558409613227234,3.2825000000000006,1.096318617895997e+19,3,29.9411133444
0.18742156243061164,3.4924999999999997,1.166456290328033e+19,3,29.9411133444
0.18925902872895098,3.55,1.1856606530177573e+19,3,29.9411133444
0.19109649502729031,3.2575,1.087968894987421e+19,3,29.9411133444
0.19293396132562965,3.175,1.060414809389121e+19,3,29.9411133444
0.19477142762396898,3.235,1.080454144369703e+19,3,29.9411133444
0.1966088939223083,3.495,1.1672912626188909e+19,3,29.9411133444
0.19844636022064763,3.575,1.1940103759263332e+19,3,29.9411133444
0.200283826518987,3.4350000000000005,1.147251927638309e+19,3,29.9411133444
0.2021212928173263,3.125,1.0437153635719696e+19,3,29.9411133444
0.20395875911566563,2.3925,7.990684823506999e+18,3,29.9411133444
0.20579622541400497,1.9275000000000002,6.437636362511909e+18,3,29.9411133444
0.20763369171234428,2.0475000000000003,6.838423062123546e+18,3,29.9411133444
0.20947115801068364,2.1175,7.072215303563666e+18,3,29.9411133444
0.21130862430902295,2.605,8.700411270735939e+18,3,29.9411133444
0.21314609060736228,3.0549999999999997,1.0203361394279574e+19,3,29.9411133444
0.21498355690570162,3.1725,1.0595798370982636e+19,3,29.9411133444
0.21682102320404092,3.0174999999999996,1.0078115550650937e+19,3,29.9411133444
0.2186584895023803,2.6175,8.742159885278817e+18,3,29.9411133444
0.22049595580071962,2.6750000000000003,8.93420351217606e+18,3,29.9411133444
0.22233342209905893,2.4899999999999998,8.316324016941452e+18,3,29.9411133444
0.22417088839739827,2.6925,8.99265157253609e+18,3,29.9411133444
0.2260083546957376,2.5575,8.541766535472999e+18,3,29.9411133444
0.2278458209940769,2.585,8.633613487467332e+18,3,29.9411133444
0.22968328729241627,2.395,7.999034546415575e+18,3,29.9411133444
0.23152075359075558,2.1375,7.139013086832272e+18,3,29.9411133444
0.23335821988909491,1.78,5.945002710905939e+18,3,29.9411133444
0.23519568618743425,1.525,5.093330974231211e+18,3,29.9411133444
0.23703315248577356,1.5950000000000002,5.327123215671333e+18,3,29.9411133444
0.23887061878411292,1.91,6.379188302151878e+18,3,29.9411133444
0.24070808508245223,2.24,7.481351726083879e+18,3,29.9411133444
0.24254555138079156,2.4525,8.191078173312817e+18,3,29.9411133444
0.24438301767913093,2.2525000000000004,7.523100340626758e+18,3,29.9411133444
0.2462204839774702,1.8075,6.036849662900272e+18,3,29.9411133444
0.24805795027580957,1.6400000000000001,5.477418228025696e+18,3,29.9411133444
0.24989541657414888,1.6300000000000001,5.444019336391393e+18,3,29.9411133444
0.2517328828724882,1.7100000000000002,5.711210469465818e+18,3,29.9411133444
0.25357034917082755,1.745,5.828106590185879e+18,3,29.9411133444
0.25540781546916685,1.61,5.377221553122787e+18,3,29.9411133444
0.2572452817675062,1.5,5.009833745145454e+18,3,29.9411133444
0.2590827480658455,1.375,4.592347599716666e+18,3,29.9411133444
0.26092021436418483,1.3850000000000002,4.625746491350969e+18,3,29.9411133444
0.2627576806625242,1.415,4.725943166253878e+18,3,29.9411133444
0.2645951469608635,1.5425,5.151779034591241e+18,3,29.9411133444
0.26643261325920287,1.7674999999999998,5.903254096363059e+18,3,29.9411133444
0.2682700795575422,1.8225000000000002,6.086948000351728e+18,3,29.9411133444
0.2701075458558815,1.8725,6.253942458523241e+18,3,29.9411133444
0.27194501215422084,1.995,6.663078881043454e+18,3,29.9411133444
0.27378247845256015,1.87,6.245592735614666e+18,3,29.9411133444
0.2756199447508995,1.97,6.579581651957695e+18,3,29.9411133444
0.2774574110492388,1.83,6.111997169077454e+18,3,29.9411133444
0.2792948773475782,1.5850000000000002,5.29372432403703e+18,3,29.9411133444
0.2811323436459175,1.505,5.026533190962605e+18,3,29.9411133444
0.2829698099442568,1.445,4.826139841156787e+18,3,29.9411133444
0.28480727624259616,1.365,4.558948708082363e+18,3,29.9411133444
0.28664474254093547,1.345,4.492150924813757e+18,3,29.9411133444
0.28848220883927483,1.4100000000000001,4.709243720436727e+18,3,29.9411133444
0.29031967513761414,1.485,4.959735407694e+18,3,29.9411133444
0.29215714143595345,1.395,4.659145382985272e+18,3,29.9411133444
0.2939946077342928,1.425,4.759342057888181e+18,3,29.9411133444
0.2958320740326322,1.485,4.959735407694e+18,3,29.9411133444
0.2976695403309715,1.5599999999999998,5.210227094951271e+18,3,29.9411133444
0.2995070066293108,1.5499999999999998,5.176828203316968e+18,3,29.9411133444
0.3013444729276501,1.6475,5.502467396751423e+18,3,29.9411133444
0.30318193922598946,1.6525,5.519166842568575e+18,3,29.9411133444
0.3050194055243288,1.7575,5.869855204728757e+18,3,29.9411133444
0.30685687182266813,1.9075,6.370838579243302e+18,3,29.9411133444
0.30869433812100744,1.9474999999999998,6.504434145780514e+18,3,29.9411133444
0.31053180441934675,2.0225,6.754925833037787e+18,3,29.9411133444
0.3123692707176861,2.2675,7.573198678078211e+18,3,29.9411133444
0.3142067370160255,2.3475,7.840389811152636e+18,3,29.9411133444
0.3160442033143648,2.5275,8.441569860570089e+18,3,29.9411133444
0.31788166961270414,2.5324999999999998,8.45826930638724e+18,3,29.9411133444
0.3197191359110434,2.5675,8.575165427107301e+18,3,29.9411133444
0.32155660220938276,2.5324999999999998,8.45826930638724e+18,3,29.9411133444
0.3233940685077221,2.4299999999999997,8.115930667135634e+18,3,29.9411133444
0.32523153480606143,2.2874999999999996,7.639996461346816e+18,3,29.9411133444
0.3270690011044008,2.1674999999999995,7.239209761735179e+18,3,29.9411133444
0.32890646740274004,2.0999999999999996,7.013767243203634e+18,3,29.9411133444
0.3307439337010794,2.055,6.863472230849273e+18,3,29.9411133444
0.33258139999941877,1.96,6.546182760323393e+18,3,29.9411133444
0.3344188662977581,1.8149999999999997,6.061898831625998e+18,3,29.9411133444
0.33625633259609744,1.7674999999999998,5.903254096363059e+18,3,29.9411133444
0.3380937988944367,1.6375000000000002,5.469068505117122e+18,3,29.9411133444
0.33993126519277606,1.5025000000000002,5.01818346805403e+18,3,29.9411133444
0.3417687314911154,1.3875000000000002,4.634096214259545e+18,3,29.9411133444
0.3436061977894547,1.1525,3.849222260853424e+18,3,29.9411133444
0.3454436640877941,0.9924999999999999,3.314839994704575e+18,3,29.9411133444
0.34728113038613334,0.905,3.022599692904424e+18,3,29.9411133444
0.3491185966844727,0.895,2.989200801270121e+18,3,29.9411133444
0.35095606298281207,0.9,3.0059002470872724e+18,3,29.9411133444
0.3527935292811514,1.0550000000000002,3.5235830674189696e+18,3,29.9411133444
0.35463099557949074,1.23,4.108063671019272e+18,3,29.9411133444
0.35646846187783,1.3699999999999999,4.5756481538995144e+18,3,29.9411133444
0.35830592817616935,1.54,5.143429311682666e+18,3,29.9411133444
0.3601433944745087,1.7675,5.90325409636306e+18,3,29.9411133444
0.361980860772848,1.7125,5.719560192374393e+18,3,29.9411133444
0.3638183270711874,1.8075,6.036849662900272e+18,3,29.9411133444
0.36565579336952664,1.8925,6.320740241791847e+18,3,29.9411133444
0.367493259667866,1.9525000000000001,6.521133591597666e+18,3,29.9411133444
